  0.000000000000000E+000 -0.214605692522731       3.643881868985177E-008
  7.812500000000000E-003 -0.214882396953178      -8.433143207307314E-004
  1.562500000000000E-002 -0.215878865178255      -2.413319628694917E-003
  2.343750000000000E-002 -0.216304521333727      -4.900942602591067E-003
  3.125000000000000E-002 -0.216108194449947      -7.114858431211676E-003
  3.906250000000000E-002 -0.214833510132061      -9.145264677979308E-003
  4.687500000000000E-002 -0.215109846453672      -9.229277086748384E-003
  5.468750000000000E-002 -0.215655707729351      -1.139016714408651E-002
  6.250000000000000E-002 -0.215741249767037      -1.297631017627384E-002
  7.031250000000000E-002 -0.216729531017014      -1.482254274998779E-002
  7.812500000000000E-002 -0.217725647486361      -1.999043555098664E-002
  8.593750000000000E-002 -0.210089301971581      -2.238538946040921E-002
  9.375000000000000E-002 -0.208557873798510      -1.958648630733028E-002
  0.101562500000000      -0.208391313095694      -1.632604145772405E-002
  0.109375000000000      -0.213693062547876      -1.390726462791115E-002
  0.117187500000000      -0.217246293110876      -1.785919816916117E-002
  0.125000000000000      -0.220001751053179      -2.273398995943306E-002
  0.132812500000000      -0.217042134517314      -2.413892094655986E-002
  0.140625000000000      -0.219621758093904      -2.400998954487672E-002
  0.148437500000000      -0.223457177916280      -2.737456344554700E-002
  0.156250000000000      -0.226492861311775      -3.319175339178545E-002
  0.164062500000000      -0.225114201443797      -3.982597581844158E-002
  0.171875000000000      -0.224219628210543      -4.492741239453449E-002
  0.179687500000000      -0.220951724795882      -5.030564432193631E-002
  0.187500000000000      -0.218699618273685      -5.462706198121471E-002
  0.195312500000000      -0.213333158854051      -6.212482634460947E-002
  0.203125000000000      -0.203503559120112      -5.867632990154874E-002
  0.210937500000000      -0.202551520186966      -5.487325489990347E-002
  0.218750000000000      -0.203908684728496      -5.634583271456734E-002
  0.226562500000000      -0.202760379929911      -5.870168242111399E-002
  0.234375000000000      -0.199790799283325      -6.291672780606017E-002
  0.242187500000000      -0.192761563494952      -6.334425269590402E-002
  0.250000000000000      -0.187186074483752      -6.150671774271180E-002
  0.257812500000000      -0.183981537104710      -5.752997439471177E-002
  0.265625000000000      -0.178334462816614      -5.319753593816236E-002
  0.273437500000000      -0.177320436233787      -4.448801072567353E-002
  0.281250000000000      -0.182221209064263      -3.651625392720194E-002
  0.289062500000000      -0.187964148018804      -3.463347882955333E-002
  0.296875000000000      -0.192116655017802      -3.316606461210052E-002
  0.304687500000000      -0.196481211677458      -3.150864259963417E-002
  0.312500000000000      -0.201697048841117      -3.140506365711954E-002
  0.320312500000000      -0.206526710365040      -3.155208842918443E-002
  0.328125000000000      -0.212162743403857      -3.179903177965675E-002
  0.335937500000000      -0.219667362231439      -3.463627197673453E-002
  0.343750000000000      -0.225934782026890      -3.954021199304635E-002
  0.351562500000000      -0.231998812702879      -4.732240293188465E-002
  0.359375000000000      -0.230015845335292      -6.084036591167397E-002
  0.367187500000000      -0.224383732880234      -6.346739143701929E-002
  0.375000000000000      -0.221700954769174      -6.426508222079298E-002
  0.382812500000000      -0.220226264728539      -6.374442090311228E-002
  0.390625000000000      -0.222841983522989      -6.253402078839543E-002
  0.398437500000000      -0.226225953229558      -6.434473599183121E-002
  0.406250000000000      -0.229598648317415      -6.824627310431458E-002
  0.414062500000000      -0.230275640034271      -7.625939262157155E-002
  0.421875000000000      -0.225178347068633      -7.725194220161240E-002
  0.429687500000000      -0.224297462330724      -7.668295243100126E-002
  0.437500000000000      -0.224733880545194      -7.604460460508247E-002
  0.445312500000000      -0.225964515192303      -7.449119187048894E-002
  0.453125000000000      -0.230152943967323      -7.353704281935465E-002
  0.460937500000000      -0.235191789083483      -7.361982021773648E-002
  0.468750000000000      -0.241609852601815      -7.463874716419447E-002
  0.476562500000000      -0.250117805523175      -7.773658837125141E-002
  0.484375000000000      -0.256969817240883      -8.466359183849785E-002
  0.492187500000000      -0.263658460792586      -9.193059027832250E-002
  0.500000000000000      -0.270917214123831      -0.101684563040434     
  0.507812500000000      -0.277799387459373      -0.117009584279257     
  0.515625000000000      -0.271102699601261      -0.137276829595072     
  0.523437500000000      -0.262038880573487      -0.146431687961597     
  0.531250000000000      -0.254199876340074      -0.152884641712143     
  0.539062500000000      -0.246471751303990      -0.157766461284518     
  0.546875000000000      -0.236533491233459      -0.160183411531664     
  0.554687500000000      -0.231855094077443      -0.155531711894307     
  0.562500000000000      -0.232004034586255      -0.152523175129908     
  0.570312500000000      -0.235350660911745      -0.151407145517306     
  0.578125000000000      -0.241481743166539      -0.153547036947480     
  0.585937500000000      -0.247004038201106      -0.163509564785911     
  0.593750000000000      -0.245642728158088      -0.171872095423350     
  0.601562500000000      -0.244441586175294      -0.179008855380704     
  0.609375000000000      -0.243157344028048      -0.186390389392239     
  0.617187500000000      -0.241193674564634      -0.194859661730512     
  0.625000000000000      -0.234740703385334      -0.204739439821172     
  0.632812500000000      -0.227319066850821      -0.208102056393011     
  0.640625000000000      -0.222086346777801      -0.210283438454883     
  0.648437500000000      -0.218014537055973      -0.211831135175930     
  0.656250000000000      -0.214960339773531      -0.212535904205512     
  0.664062500000000      -0.214143403280033      -0.210959232347157     
  0.671875000000000      -0.219232293060808      -0.214451584559089     
  0.679687500000000      -0.221845539441782      -0.221124540628424     
  0.687500000000000      -0.223229551760432      -0.229497607306413     
  0.695312500000000      -0.223116882959247      -0.239488488290139     
  0.703125000000000      -0.220452856052999      -0.251047246279972     
  0.710937500000000      -0.212576292066565      -0.260106849172146     
  0.718750000000000      -0.207852693478604      -0.266076288298598     
  0.726562500000000      -0.203901567998158      -0.273202850259485     
  0.734375000000000      -0.199596884464515      -0.281506489470544     
  0.742187500000000      -0.194029408420572      -0.290962511296668     
  0.750000000000000      -0.185689994439511      -0.301254166139050     
  0.757812500000000      -0.173472347958043      -0.306596698612810     
  0.765625000000000      -0.165541503606287      -0.310075925481792     
  0.773437500000000      -0.158630086735099      -0.314523593299615     
  0.781250000000000      -0.151714181526757      -0.319902678995077     
  0.789062500000000      -0.144013592242885      -0.326040044289841     
  0.796875000000000      -0.134509385732248      -0.332271616118378     
  0.804687500000000      -0.124572910946675      -0.334363039097701     
  0.812500000000000      -0.118700606560957      -0.338468895815952     
  0.820312500000000      -0.112355141693288      -0.345447656947421     
  0.828125000000000      -0.104157509461626      -0.354979571220278     
  0.835937500000000      -9.236660361224813E-002 -0.366832439288857     
  0.843750000000000      -7.404191656796842E-002 -0.380010044059721     
  0.851562500000000      -4.148340215888260E-002 -0.387291438558347     
  0.859375000000000      -1.769618633685976E-002 -0.375524227892285     
  0.867187500000000      -1.013413983970823E-003 -0.364927538009248     
  0.875000000000000       1.271972573447901E-002 -0.354798408411959     
  0.882812500000000       2.466950604528678E-002 -0.344753073651637     
  0.890625000000000       3.530248638956038E-002 -0.334364821438045     
  0.898437500000000       4.464656178325295E-002 -0.322948012533935     
  0.906250000000000       4.971909731861496E-002 -0.309214905745904     
  0.914062500000000       5.106975547258159E-002 -0.300133808302950     
  0.921875000000000       5.255328815596114E-002 -0.293467791006864     
  0.929687500000000       5.424241419678028E-002 -0.288376755243035     
  0.937500000000000       5.622860022198655E-002 -0.284535262944395     
  0.945312500000000       5.858727505188579E-002 -0.281803651186623     
  0.953125000000000       6.132100271673516E-002 -0.280288570107944     
  0.960937500000000       6.572724696310188E-002 -0.281851595411621     
  0.968750000000000       7.456735983885832E-002 -0.281484500018898     
  0.976562500000000       8.418424844622459E-002 -0.279121572061356     
  0.984375000000000       9.439299437774719E-002 -0.275128661153153     
  0.992187500000000       0.105041610891930      -0.269371626776539     
   1.00000000000000       0.115914864866776      -0.261480982972567     
   1.00781250000000       0.126636876592127      -0.250742780280098     
   1.01562500000000       0.136307432226323      -0.234870258541822     
   1.02343750000000       0.134601132776129      -0.218155310925033     
   1.03125000000000       0.132495845723791      -0.207502306429931     
   1.03906250000000       0.130648354957054      -0.198829993428656     
   1.04687500000000       0.128989282542853      -0.191335656347292     
   1.05468750000000       0.127446298584743      -0.184643919462939     
   1.06250000000000       0.125921961862727      -0.178550731363324     
   1.07031250000000       0.124244669737889      -0.172974586202115     
   1.07812500000000       0.121886661396909      -0.168467025362536     
   1.08593750000000       0.120952527273743      -0.165420485779942     
   1.09375000000000       0.120786794496210      -0.162284148735260     
   1.10156250000000       0.121147233005155      -0.159107763221760     
   1.10937500000000       0.121963275792541      -0.155809388329739     
   1.11718750000000       0.123182062453716      -0.152266528589216     
   1.12500000000000       0.124730776654388      -0.148316828654827     
   1.13281250000000       0.126478731286077      -0.143732158818356     
   1.14062500000000       0.128109539584944      -0.137959685057061     
   1.14843750000000       0.127631554486789      -0.132258918498250     
   1.15625000000000       0.127341351696127      -0.127431635809948     
   1.16406250000000       0.127142578514961      -0.122752405273946     
   1.17187500000000       0.126956093688375      -0.118067558059501     
   1.17968750000000       0.126707323347700      -0.113297554037640     
   1.18750000000000       0.126312856972353      -0.108389974940384     
   1.19531250000000       0.125665377510360      -0.103299335203390     
   1.20312500000000       0.124582112626581      -9.794642259969080E-002
   1.21093750000000       0.122023448623843      -9.254639681959832E-002
   1.21875000000000       0.119361465509339      -8.889115460949337E-002
   1.22656250000000       0.117145851813292      -8.564150705373279E-002
   1.23437500000000       0.115167074452527      -8.260517690238402E-002
   1.24218750000000       0.113342171932952      -7.971616944011641E-002
   1.25000000000000       0.111624608548224      -7.694549656960702E-002
   1.25781250000000       0.109986240803701      -7.428427079784698E-002
   1.26562500000000       0.108414757980766      -7.174289347132770E-002
   1.27343750000000       0.106930016877266      -6.937122022933143E-002
   1.28125000000000       0.105926271336218      -6.717792727194836E-002
   1.28906250000000       0.104998883682543      -6.442045164122788E-002
   1.29687500000000       0.103872618884707      -6.153353329493621E-002
   1.30468750000000       0.102570013811823      -5.858684782008881E-002
   1.31250000000000       0.101075577141181      -5.562153628615591E-002
   1.32031250000000       9.936478870360733E-002 -5.267877577846558E-002
   1.32812500000000       9.740835626397559E-002 -4.980805444667685E-002
   1.33593750000000       9.517001168188467E-002 -4.707510529235296E-002
   1.34375000000000       9.259075663950889E-002 -4.458084085802519E-002
   1.35156250000000       8.945214261295491E-002 -4.258585996010377E-002
   1.35937500000000       8.697968156570937E-002 -4.210979059582018E-002
   1.36718750000000       8.533191036240176E-002 -4.127866876031228E-002
   1.37500000000000       8.394025621869389E-002 -4.027487566551338E-002
   1.38281250000000       8.270672703413770E-002 -3.914226292545251E-002
   1.39062500000000       8.157948626989074E-002 -3.789281070406889E-002
   1.39843750000000       8.052110313252421E-002 -3.652665689860284E-002
   1.40625000000000       7.949842657133112E-002 -3.503704440038125E-002
   1.41406250000000       7.847700606527613E-002 -3.340987541287103E-002
   1.42187500000000       7.741375771986711E-002 -3.161402158101625E-002
   1.42968750000000       7.621054964474841E-002 -2.950052308140573E-002
   1.43750000000000       7.428352231910816E-002 -2.761549779685216E-002
   1.44531250000000       7.247148543239269E-002 -2.607293350164967E-002
   1.45312500000000       7.069553578970193E-002 -2.464789922288128E-002
   1.46093750000000       6.893049089068098E-002 -2.330372281719742E-002
   1.46875000000000       6.716113562491620E-002 -2.202772386923853E-002
   1.47656250000000       6.537591863387728E-002 -2.081709293676252E-002
   1.48437500000000       6.356478823895460E-002 -1.967519123764500E-002
   1.49218750000000       6.171757595537434E-002 -1.861111247760337E-002
   1.50000000000000       5.982085278403443E-002 -1.764244634972565E-002
   1.50781250000000       5.784379641001468E-002 -1.681069043610497E-002
   1.51562500000000       5.588665200959465E-002 -1.639539728170300E-002
   1.52343750000000       5.431327873928182E-002 -1.599666914318530E-002
   1.53125000000000       5.283848418307188E-002 -1.552999133459629E-002
   1.53906250000000       5.141266501645791E-002 -1.502589659472652E-002
   1.54687500000000       5.001188235478508E-002 -1.449750464228615E-002
   1.55468750000000       4.861965865601076E-002 -1.395268326923358E-002
   1.56250000000000       4.722190865026525E-002 -1.339694218438397E-002
   1.57031250000000       4.580406882341448E-002 -1.283443956944822E-002
   1.57812500000000       4.434769772683785E-002 -1.226823543295645E-002
   1.58593750000000       4.282267379375718E-002 -1.169969526325284E-002
   1.59375000000000       4.115196522649887E-002 -1.112382171846493E-002
   1.60156250000000       3.911534507579147E-002 -1.092537217279801E-002
   1.60937500000000       3.746004114282804E-002 -1.109174726822263E-002
   1.61718750000000       3.599818785770403E-002 -1.129180543225804E-002
   1.62500000000000       3.466541997572167E-002 -1.151533770698362E-002
   1.63281250000000       3.343700801999889E-002 -1.175877253420446E-002
   1.64062500000000       3.230117891454569E-002 -1.202058892483171E-002
   1.64843750000000       3.125295251306969E-002 -1.230027067069430E-002
   1.65625000000000       3.029249744094959E-002 -1.259802125257602E-002
   1.66406250000000       2.942573755287761E-002 -1.291483150896585E-002
   1.67187500000000       2.866812519610839E-002 -1.325299841045197E-002
   1.67968750000000       2.805935269294214E-002 -1.361812697555247E-002
   1.68750000000000       2.783830024294289E-002 -1.398361944576813E-002
   1.69531250000000       2.759513889209763E-002 -1.370757294665841E-002
   1.70312500000000       2.711477179291786E-002 -1.340824786886194E-002
   1.71093750000000       2.653680570695688E-002 -1.310768819606348E-002
   1.71875000000000       2.589689766870048E-002 -1.281346948949678E-002
   1.72656250000000       2.521201996501013E-002 -1.253045002359344E-002
   1.73437500000000       2.449211628672349E-002 -1.226257170957897E-002
   1.74218750000000       2.374375008111284E-002 -1.201357148510722E-002
   1.75000000000000       2.297162286623675E-002 -1.178750329743615E-002
   1.75781250000000       2.217930915866383E-002 -1.158944027029697E-002
   1.76562500000000       2.136962332673354E-002 -1.142696396374838E-002
   1.77343750000000       2.054467109032701E-002 -1.131491331535269E-002
   1.78125000000000       1.970462980859927E-002 -1.132280399130949E-002
   1.78906250000000       1.910406257672750E-002 -1.135078276156931E-002
   1.79687500000000       1.850921697438483E-002 -1.127205850211321E-002
   1.80468750000000       1.790981503577420E-002 -1.114829050930900E-002
   1.81250000000000       1.730125969161145E-002 -1.099246430898653E-002
   1.82031250000000       1.667963529832152E-002 -1.081036977058131E-002
   1.82812500000000       1.604087008942883E-002 -1.060507074769250E-002
   1.83593750000000       1.538024569849897E-002 -1.037823200654875E-002
   1.84375000000000       1.469184276645279E-002 -1.013061204608757E-002
   1.85156250000000       1.396762764995952E-002 -9.862197945838804E-003
   1.85937500000000       1.319555371454510E-002 -9.572033299319473E-003
   1.86718750000000       1.235454242172396E-002 -9.257387316884689E-003
   1.87500000000000       1.139434760028131E-002 -8.909803361277262E-003
   1.88281250000000       1.004316212329056E-002 -8.710920532219928E-003
   1.89062500000000       8.973884543575615E-003 -8.973446555817204E-003
   1.89843750000000       8.090198835585918E-003 -9.186223052205096E-003
   1.90625000000000       7.280864466300411E-003 -9.354292573258302E-003
   1.91406250000000       6.507044810564897E-003 -9.484369944733085E-003
   1.92187500000000       5.747566790338137E-003 -9.581262880175819E-003
   1.92968750000000       4.987791659575197E-003 -9.648268309416144E-003
   1.93750000000000       4.215522056635740E-003 -9.687544574922956E-003
   1.94531250000000       3.418761174832431E-003 -9.700310026006513E-003
   1.95312500000000       2.583749617158284E-003 -9.686888362510198E-003
   1.96093750000000       1.692135999469609E-003 -9.646591932928751E-003
   1.96875000000000       7.148703963591246E-004 -9.577368531468428E-003
   1.97656250000000      -4.074651245950297E-004 -9.475069263960549E-003
   1.98437500000000      -1.965871707387902E-003 -9.354493075747778E-003
   1.99218750000000      -3.455571531232817E-003 -1.009867391523781E-002
   2.00000000000000      -4.610447949121610E-003 -1.079739735564236E-002
   2.00781250000000      -5.654117089780133E-003 -1.148380579088598E-002
   2.01562500000000      -6.634951194017033E-003 -1.216520084399355E-002
   2.02343750000000      -7.577163624857605E-003 -1.284408383944704E-002
   2.03125000000000      -8.497595707665175E-003 -1.351978199629457E-002
   2.03906250000000      -9.412234155946738E-003 -1.418804320084110E-002
   2.04687500000000      -1.034188108637827E-002 -1.483988029942280E-002
   2.05468750000000      -1.132090812310241E-002 -1.546063352382772E-002
   2.06250000000000      -1.241353994890615E-002 -1.603215539050240E-002
   2.07031250000000      -1.374408436718392E-002 -1.654637231116858E-002
   2.07812500000000      -1.555275097808406E-002 -1.704997163976022E-002
   2.08593750000000      -1.833808933573380E-002 -1.778491217092106E-002
   2.09375000000000      -2.374583763307475E-002 -2.084425970031598E-002
   2.10156250000000      -2.412765137460515E-002 -2.804745911284549E-002
   2.10937500000000      -2.195553520819209E-002 -3.327945186888630E-002
   2.11718750000000      -1.865632752502781E-002 -3.671015522368638E-002
   2.12500000000000      -1.520139745664129E-002 -3.852114383901451E-002
   2.13281250000000      -1.214996800300208E-002 -3.917102288182198E-002
   2.14062500000000      -9.696598440101820E-003 -3.912790031137437E-002
   2.14843750000000      -7.828433454798571E-003 -3.873941850756340E-002
   2.15625000000000      -6.452394919373041E-003 -3.822469312770198E-002
   2.16406250000000      -5.462119564052669E-003 -3.770922330627924E-002
   2.17187500000000      -4.763942552726915E-003 -3.726089843521733E-002
   2.17968750000000      -4.283034090490526E-003 -3.691609386046144E-002
   2.18750000000000      -3.961860186608557E-003 -3.669714364795328E-002
   2.19531250000000      -3.756329021745717E-003 -3.662644145881861E-002
   2.20312500000000      -3.630996555443715E-003 -3.675175649934676E-002
   2.21093750000000      -3.336340377175103E-003 -3.726993232998114E-002
   2.21875000000000      -2.694886590992315E-003 -3.755358232045886E-002
   2.22656250000000      -2.079878256854538E-003 -3.771369764102876E-002
   2.23437500000000      -1.485262297571136E-003 -3.781549988419071E-002
   2.24218750000000      -9.066340431996149E-004 -3.787926360604326E-002
   2.25000000000000      -3.400978886947406E-004 -3.791418461649092E-002
   2.25781250000000       2.179790316938575E-004 -3.792486039677573E-002
   2.26562500000000       7.710793521159731E-004 -3.791337862034486E-002
   2.27343750000000       1.322601198336295E-003 -3.788011119614199E-002
   2.28125000000000       1.875892749314103E-003 -3.782398039587202E-002
   2.28906250000000       2.434255502210571E-003 -3.774242786005851E-002
   2.29687500000000       3.000910511329320E-003 -3.763112424880503E-002
   2.30468750000000       3.578921854567795E-003 -3.748330188749702E-002
   2.31250000000000       4.171092653002327E-003 -3.728823187795838E-002
   2.32031250000000       4.780026329283029E-003 -3.702669313646681E-002
   2.32812500000000       5.412203103513038E-003 -3.663822476816087E-002
   2.33593750000000       5.820737611267873E-003 -3.613140548694614E-002
   2.34375000000000       6.177180964538624E-003 -3.570981624362314E-002
   2.35156250000000       6.514139390240180E-003 -3.530261518361635E-002
   2.35937500000000       6.835664948540775E-003 -3.489495624986949E-002
   2.36718750000000       7.143235927129431E-003 -3.447893068350179E-002
   2.37500000000000       7.437122289264609E-003 -3.404893941264766E-002
   2.38281250000000       7.716780610311152E-003 -3.360029227522413E-002
   2.39062500000000       7.980972531465121E-003 -3.312857865345734E-002
   2.39843750000000       8.227753972064107E-003 -3.262927053417159E-002
   2.40625000000000       8.454364110695880E-003 -3.209736285490298E-002
   2.41406250000000       8.656989375761448E-003 -3.152692115499620E-002
   2.42187500000000       8.830313222485025E-003 -3.091035941563932E-002
   2.42968750000000       8.966613885163477E-003 -3.023706222198595E-002
   2.43750000000000       9.053696557914355E-003 -2.949023121974709E-002
   2.44531250000000       9.068797297756720E-003 -2.863743952711075E-002
   2.45312500000000       8.944983782917807E-003 -2.757721126841199E-002
   2.46093750000000       8.120989620261726E-003 -2.658193450605225E-002
   2.46875000000000       7.341825503089475E-003 -2.609013364159630E-002
   2.47656250000000       6.632124703433290E-003 -2.575446614481235E-002
   2.48437500000000       5.966971152829599E-003 -2.552380732506116E-002
   2.49218750000000       5.336998778832346E-003 -2.537593014265493E-002
   2.50000000000000       4.737982921353199E-003 -2.529843824400238E-002
   2.53125000000000       2.635733313044913E-003 -2.557103478103741E-002
   2.56250000000000       1.097964077656007E-003 -2.666567566959799E-002
   2.59375000000000       1.019270374508861E-003 -2.850647814159928E-002
   2.62500000000000       1.632456658557380E-003 -2.876527986874854E-002
   2.65625000000000       1.821524276913714E-003 -2.875357911727026E-002
   2.68750000000000       1.772963200285636E-003 -2.867775702639656E-002
   2.71875000000000       1.416754577153968E-003 -2.867228151712367E-002
   2.75000000000000       1.103709128242666E-003 -2.943753979581910E-002
   2.78125000000000       1.468129418416423E-003 -3.010923460566187E-002
   2.81250000000000       2.145524213560614E-003 -3.051620834579162E-002
   2.84375000000000       3.034295689604567E-003 -3.051227476112944E-002
   2.87500000000000       3.837500912813304E-003 -2.962766309910825E-002
   2.90625000000000       3.432779155731465E-003 -2.904824577874878E-002
   2.93750000000000       3.158175129738547E-003 -2.887936440884803E-002
   2.96875000000000       2.924710808871012E-003 -2.885603958368615E-002
   3.00000000000000       2.696526398932161E-003 -2.895160286967556E-002
   3.03125000000000       2.461083714499777E-003 -2.931264512220173E-002
   3.06250000000000       2.635671029578815E-003 -2.973622035486903E-002
   3.09375000000000       2.899960736187315E-003 -3.003739026428351E-002
   3.12500000000000       3.223606537046691E-003 -3.027646669763001E-002
   3.15625000000000       3.602951551260785E-003 -3.046546576380276E-002
   3.18750000000000       4.073092841271071E-003 -3.059613022680913E-002
   3.21875000000000       4.497482326859149E-003 -3.052122755269220E-002
   3.25000000000000       4.841983199227324E-003 -3.046050434318426E-002
   3.28125000000000       5.159693946977630E-003 -3.039780629619398E-002
   3.31250000000000       5.453533105517656E-003 -3.033383644710089E-002
   3.34375000000000       5.711884168669700E-003 -3.027860214421245E-002
   3.37500000000000       5.951558312852830E-003 -3.033809810649764E-002
   3.40625000000000       6.324539401597019E-003 -3.039887257700347E-002
   3.43750000000000       6.744910133910025E-003 -3.041769667314213E-002
   3.46875000000000       7.202033791183273E-003 -3.039943438395729E-002
   3.50000000000000       7.699422931113479E-003 -3.034127841513315E-002
   3.53125000000000       8.271617916009499E-003 -3.022334910767016E-002
   3.56250000000000       8.785861661978466E-003 -2.986403015204803E-002
   3.59375000000000       9.150723428947134E-003 -2.954084668855107E-002
   3.62500000000000       9.467209517308499E-003 -2.924359031061600E-002
   3.65625000000000       9.749043249017276E-003 -2.897148232660678E-002
   3.68750000000000       1.000191342173984E-002 -2.873779313663404E-002
   3.71875000000000       1.023201586257001E-002 -2.860435131782259E-002
   3.75000000000000       1.074278067823688E-002 -2.851247735664281E-002
   3.78125000000000       1.125535401644399E-002 -2.819652819519341E-002
   3.81250000000000       1.171828418840387E-002 -2.777019353044959E-002
   3.84375000000000       1.211199204889594E-002 -2.724778097422714E-002
   3.87500000000000       1.240236416061584E-002 -2.662661583666543E-002
   3.90625000000000       1.250147700082020E-002 -2.587768638993419E-002
   3.93750000000000       1.204216420942333E-002 -2.537422451202389E-002
   3.96875000000000       1.185369819533161E-002 -2.532452353389910E-002
   4.00000000000000       1.183380775545390E-002 -2.532177028200246E-002
   4.03125000000000       1.192367830164186E-002 -2.533277164629776E-002
   4.06250000000000       1.210468085479172E-002 -2.534042632723565E-002
   4.09375000000000       1.237689090516712E-002 -2.532818773482173E-002
   4.12500000000000       1.280174120245084E-002 -2.524280535933574E-002
   4.15625000000000       1.308294363138739E-002 -2.491271638786822E-002
   4.18750000000000       1.327844120004386E-002 -2.466182408110971E-002
   4.21875000000000       1.345442053308112E-002 -2.444999219487692E-002
   4.25000000000000       1.362570528851497E-002 -2.427212509125893E-002
   4.28125000000000       1.380139163909775E-002 -2.413182980886324E-002
   4.31250000000000       1.399262626810911E-002 -2.404479527246484E-002
   4.34375000000000       1.427216029552148E-002 -2.409813266534866E-002
   4.37500000000000       1.479642040485716E-002 -2.397391436881550E-002
   4.40625000000000       1.527387004470989E-002 -2.372899591218064E-002
   4.43750000000000       1.572571483360732E-002 -2.342107208888383E-002
   4.46875000000000       1.615636348701606E-002 -2.306462396535255E-002
   4.50000000000000       1.656778725564872E-002 -2.266562795756424E-002
   4.53125000000000       1.696231026547900E-002 -2.222535313512723E-002
   4.56250000000000       1.734924229590874E-002 -2.173482092724538E-002
   4.59375000000000       1.766092443515564E-002 -2.114635585651454E-002
   4.62500000000000       1.789468252876996E-002 -2.057247255591940E-002
   4.65625000000000       1.808648086649568E-002 -1.999560090903286E-002
   4.68750000000000       1.823757247162359E-002 -1.941023681101024E-002
   4.71875000000000       1.834477221909757E-002 -1.881331024352726E-002
   4.75000000000000       1.840014131382455E-002 -1.820141408571412E-002
   4.78125000000000       1.838426739992609E-002 -1.756743835710644E-002
   4.81250000000000       1.817232007964199E-002 -1.692586399205347E-002
   4.84375000000000       1.794425337943361E-002 -1.655350858537119E-002
   4.87500000000000       1.779280905640335E-002 -1.621883297011542E-002
   4.90625000000000       1.767134077274074E-002 -1.590152116441665E-002
   4.93750000000000       1.756454478846490E-002 -1.559531277577733E-002
   4.96875000000000       1.746309070010070E-002 -1.529705408068707E-002
   5.00000000000000       1.735829053071027E-002 -1.500481252167025E-002
   5.03125000000000       1.723657049495295E-002 -1.471714702235482E-002
   5.06250000000000       1.703608603935546E-002 -1.446207520531562E-002
   5.09375000000000       1.689572578596149E-002 -1.434652786125259E-002
   5.12500000000000       1.681937371457834E-002 -1.423639338746696E-002
   5.15625000000000       1.678069139927798E-002 -1.413084281077800E-002
   5.18750000000000       1.677309937840457E-002 -1.402976041833469E-002
   5.21875000000000       1.679530360918294E-002 -1.393339473410011E-002
   5.25000000000000       1.684990356992002E-002 -1.384249396200952E-002
   5.28125000000000       1.694586103543431E-002 -1.375891775272381E-002
   5.31250000000000       1.711708423389208E-002 -1.368934714683905E-002
   5.34375000000000       1.741072216987047E-002 -1.345511147402133E-002
   5.37500000000000       1.758644961470110E-002 -1.314127714471277E-002
   5.40625000000000       1.771726985157767E-002 -1.281744333048116E-002
   5.43750000000000       1.781837941726143E-002 -1.248696310727784E-002
   5.46875000000000       1.789508742764653E-002 -1.215115567618163E-002
   5.50000000000000       1.794868786058972E-002 -1.181052126124443E-002
   5.53125000000000       1.797717224228683E-002 -1.146490624419909E-002
   5.56250000000000       1.797268087356375E-002 -1.111301423831679E-002
   5.59375000000000       1.789673229700107E-002 -1.074738994500209E-002
   5.62500000000000       1.776131769425201E-002 -1.055100276554958E-002
   5.65625000000000       1.771943173625291E-002 -1.038485889025317E-002
   5.68750000000000       1.771571205147010E-002 -1.022625640556046E-002
   5.71875000000000       1.774172295227675E-002 -1.007314603925534E-002
   5.75000000000000       1.779607162957405E-002 -9.924905175793379E-003
   5.78125000000000       1.788134635236420E-002 -9.781623565374762E-003
   5.81250000000000       1.800474157284073E-002 -9.644100534192729E-003
   5.84375000000000       1.818270264282998E-002 -9.514451558472655E-003
   5.87500000000000       1.846671525765118E-002 -9.399695073010755E-003
   5.90625000000000       1.896453530032749E-002 -9.032882896578921E-003
   5.93750000000000       1.924270595838307E-002 -8.494145273834530E-003
   5.96875000000000       1.942521108552165E-002 -7.940661153232744E-003
   6.00000000000000       1.954381300949216E-002 -7.378124535060116E-003
   6.03125000000000       1.961084937665639E-002 -6.809238162801688E-003
   6.06250000000000       1.963223356659412E-002 -6.235714440135552E-003
   6.09375000000000       1.961057270864492E-002 -5.658792461692942E-003
   6.12500000000000       1.954589060663921E-002 -5.079404695177874E-003
   6.15625000000000       1.943447146799240E-002 -4.498112973094363E-003
   6.18750000000000       1.925587762211158E-002 -3.913579863628711E-003
   6.21875000000000       1.902290746472430E-002 -3.425259218533846E-003
   6.25000000000000       1.881604615951453E-002 -2.951430743024167E-003
   6.28125000000000       1.860133042329325E-002 -2.480080402265480E-003
   6.31250000000000       1.837102304854939E-002 -2.010115386423232E-003
   6.34375000000000       1.812013727636718E-002 -1.540993382221565E-003
   6.37500000000000       1.784389460677215E-002 -1.072354293984746E-003
   6.40625000000000       1.753639641102376E-002 -6.038875000073220E-004
   6.43750000000000       1.718879740840855E-002 -1.352311037174279E-004
   6.46875000000000       1.678456676506120E-002  3.342166721058972E-004
   6.50000000000000       1.627484392789078E-002  8.062167993935856E-004
   6.53125000000000       1.560446965673256E-002  1.030193438665884E-003
   6.56250000000000       1.512334342663190E-002  1.143408895060681E-003
   6.59375000000000       1.470612221096281E-002  1.253482892208992E-003
   6.62500000000000       1.432446936409934E-002  1.361614522218571E-003
   6.65625000000000       1.396580658782848E-002  1.468380401192813E-003
   6.68750000000000       1.362251643868329E-002  1.574163591002514E-003
   6.71875000000000       1.328897005888786E-002  1.679279683499398E-003
   6.75000000000000       1.296012758355675E-002  1.784047942421292E-003
   6.78125000000000       1.263027500986738E-002  1.888877313330198E-003
   6.81250000000000       1.229030459169210E-002  1.994489544723528E-003
   6.84375000000000       1.190660198506218E-002  2.103743436510190E-003
   6.87500000000000       1.151170091131286E-002  2.084475065145095E-003
   6.90625000000000       1.118706731498018E-002  2.055625155091838E-003
   6.93750000000000       1.089273146086642E-002  2.023836823907073E-003
   6.96875000000000       1.062044201507190E-002  1.989868610984402E-003
   7.00000000000000       1.036622252158147E-002  1.954092197381156E-003
   7.03125000000000       1.012777389304010E-002  1.916725390762650E-003
   7.06250000000000       9.903727618817944E-003  1.877898901544209E-003
   7.09375000000000       9.693414562734688E-003  1.837675266616648E-003
   7.12500000000000       9.496931823921098E-003  1.796037207749677E-003
   7.15625000000000       9.315734253476420E-003  1.752815403607424E-003
   7.18750000000000       9.156201453505108E-003  1.707254242570726E-003
   7.21875000000000       9.029369740753428E-003  1.696046875969735E-003
   7.25000000000000       8.880005861720445E-003  1.703961703934153E-003
   7.28125000000000       8.724651247271630E-003  1.712997971012543E-003
   7.31250000000000       8.566824312072174E-003  1.722673039469327E-003
   7.34375000000000       8.407645940383381E-003  1.732812011895769E-003
   7.37500000000000       8.247422433523086E-003  1.743345096870422E-003
   7.40625000000000       8.086026050370579E-003  1.754257732940434E-003
   7.43750000000000       7.922989919566567E-003  1.765576514081077E-003
   7.46875000000000       7.757457144792996E-003  1.777372197397035E-003
   7.50000000000000       7.587932530104349E-003  1.789783643205165E-003
   7.53125000000000       7.411424289989687E-003  1.803103866115566E-003
   7.56250000000000       7.217671364258067E-003  1.818363671438376E-003
   7.59375000000000       7.006365460254632E-003  1.788030139056393E-003
   7.62500000000000       6.823596106048939E-003  1.747694501859912E-003
   7.65625000000000       6.650508697360555E-003  1.706355363067726E-003
   7.68750000000000       6.482862720581116E-003  1.664464160274010E-003
   7.71875000000000       6.318080067770456E-003  1.622294529449728E-003
   7.75000000000000       6.153832061608249E-003  1.580090334390434E-003
   7.78125000000000       5.987381026369581E-003  1.538134615180156E-003
   7.81250000000000       5.814824856113252E-003  1.496828307856178E-003
   7.84375000000000       5.629621570849502E-003  1.456844471414955E-003
   7.87500000000000       5.418694671462354E-003  1.419538902380819E-003
   7.90625000000000       5.148238716073628E-003  1.388464291319333E-003
   7.93750000000000       4.664284616307013E-003  1.380160167201864E-003
   7.96875000000000       4.479269021745159E-003 -5.318260631628725E-007
   8.00000000000000       4.940354193838955E-003 -3.314820657116565E-007
   8.03125000000000       5.107345581872266E-003 -2.572234293431771E-007
   8.06250000000000       5.192288891288173E-003 -2.148477620782179E-007
   8.09375000000000       5.238070009630385E-003 -1.866215239163459E-007
   8.12500000000000       5.261038307671068E-003 -1.661764153606775E-007
   8.15625000000000       5.269217083936516E-003 -1.505524343952162E-007
   8.18750000000000       5.267149229600470E-003 -1.381553900304101E-007
   8.21875000000000       5.257657994703620E-003 -1.280393134979691E-007
   8.25000000000000       5.242616866725194E-003 -1.196026291429883E-007
   8.28125000000000       5.223331061068854E-003 -1.124423421863935E-007
   8.31250000000000       5.200744595699274E-003 -1.062772110816876E-007
   8.34375000000000       5.175560782061985E-003 -1.009044336766900E-007
   8.37500000000000       5.148316305948802E-003 -9.617372492481344E-008
   8.40625000000000       5.119428845207818E-003 -9.197116717160066E-008
   8.43750000000000       5.089228837058541E-003 -8.820870981298518E-008
   8.46875000000000       5.057981332763057E-003 -8.481715129569293E-008
   8.50000000000000       5.025901445146767E-003 -8.174128935013606E-008
   8.53125000000000       4.993165513414339E-003 -7.893652321385954E-008
   8.56250000000000       4.959919339668110E-003 -7.636640669487208E-008
   8.59375000000000       4.926284370269576E-003 -7.400085084293496E-008
   8.62500000000000       4.892362414190290E-003 -7.181475990665704E-008
   8.65625000000000       4.858239279914472E-003 -6.978707085844804E-008
   8.68750000000000       4.823987632843502E-003 -6.789992873494378E-008
   8.71875000000000       4.789669251622505E-003 -6.613811498504095E-008
   8.75000000000000       4.755336832428065E-003 -6.448856773787974E-008
   8.78125000000000       4.721035445657022E-003 -6.294001403603909E-008
   8.81250000000000       4.686803722165832E-003 -6.148266581026523E-008
   8.84375000000000       4.652674827664391E-003 -6.010798514372468E-008
   8.87500000000000       4.618677259460420E-003 -5.880849077114923E-008
   8.90625000000000       4.584835520870238E-003 -5.757759247318153E-008
   8.93750000000000       4.551170674729640E-003 -5.640947115183759E-008
   8.96875000000000       4.517700815357130E-003 -5.529895225112974E-008
   9.00000000000000       4.484441464176475E-003 -5.424143484079836E-008
   9.03125000000000       4.451405905864026E-003 -5.323281353804813E-008
   9.06250000000000       4.418605478873641E-003 -5.226939655250250E-008
   9.09375000000000       4.386049818681777E-003 -5.134786818642882E-008
   9.12500000000000       4.353747069358974E-003 -5.046523644821032E-008
   9.15625000000000       4.321704069440448E-003 -4.961880441420286E-008
   9.18750000000000       4.289926507224580E-003 -4.880611772559417E-008
   9.21875000000000       4.258419058566464E-003 -4.802494969336336E-008
   9.25000000000000       4.227185509706209E-003 -4.727327085998935E-008
   9.28125000000000       4.196228857801893E-003 -4.654922615866531E-008
   9.31250000000000       4.165551403500508E-003 -4.585112368673757E-008
   9.34375000000000       4.135154834978350E-003 -4.517740687580115E-008
   9.37500000000000       4.105040292434380E-003 -4.452665021012438E-008
   9.40625000000000       4.075208438451663E-003 -4.389754413059734E-008
   9.43750000000000       4.045659504766843E-003 -4.328886865422277E-008
   9.46875000000000       4.016393347620530E-003 -4.269950813120534E-008
   9.50000000000000       3.987409487970198E-003 -4.212843242471989E-008
   9.53125000000000       3.958707151016973E-003 -4.157468258812633E-008
   9.56250000000000       3.930285301375301E-003 -4.103735888627715E-008
   9.59375000000000       3.902142669078934E-003 -4.051564387999774E-008
   9.62500000000000       3.874277782891359E-003 -4.000876441473747E-008
   9.65625000000000       3.846688991311019E-003 -3.951600948286146E-008
   9.68750000000000       3.819374485104264E-003 -3.903670103800553E-008
   9.71875000000000       3.792332314798963E-003 -3.857022287967222E-008
   9.75000000000000       3.765560412174506E-003 -3.811597955270525E-008
   9.78125000000000       3.739056601374617E-003 -3.767343892489144E-008
   9.81250000000000       3.712818618073149E-003 -3.724207142469308E-008
   9.84375000000000       3.686844115524495E-003 -3.682140127799985E-008
   9.87500000000000       3.661130680617761E-003 -3.641098015472476E-008
   9.90625000000000       3.635675845048416E-003 -3.601037397920693E-008
   9.93750000000000       3.610477090869196E-003 -3.561918422658497E-008
   9.96875000000000       3.585531858334440E-003 -3.523703425331831E-008
   10.0000000000000       3.560837557541002E-003 -3.486356857376684E-008
   11.0000000000000       3.237125052310002E-003  0.000000000000000E+000
   12.0000000000000       2.967364631284169E-003  0.000000000000000E+000
   13.0000000000000       2.739105813493079E-003  0.000000000000000E+000
   14.0000000000000       2.543455398243573E-003  0.000000000000000E+000
   15.0000000000000       2.373891705027335E-003  0.000000000000000E+000
   16.0000000000000       2.225523473463126E-003  0.000000000000000E+000
   17.0000000000000       2.094610327965295E-003  0.000000000000000E+000
   18.0000000000000       1.978243087522779E-003  0.000000000000000E+000
   19.0000000000000       1.874125030284738E-003  0.000000000000000E+000
   20.0000000000000       1.780418778770501E-003  0.000000000000000E+000
   21.0000000000000       1.695636932162382E-003  0.000000000000000E+000
   22.0000000000000       1.618562526155001E-003  0.000000000000000E+000
   23.0000000000000       1.548190242409131E-003  0.000000000000000E+000
   24.0000000000000       1.483682315642084E-003  0.000000000000000E+000
   25.0000000000000       1.424335023016401E-003  0.000000000000000E+000
   26.0000000000000       1.369552906746539E-003  0.000000000000000E+000
   27.0000000000000       1.318828725015186E-003  0.000000000000000E+000
   28.0000000000000       1.271727699121787E-003  0.000000000000000E+000
   29.0000000000000       1.227875019841725E-003  0.000000000000000E+000
   30.0000000000000       1.186945852513668E-003  0.000000000000000E+000
   31.0000000000000       1.148657276626130E-003  0.000000000000000E+000
   32.0000000000000       1.112761736731563E-003  0.000000000000000E+000
   33.0000000000000       1.079041684103334E-003  0.000000000000000E+000
   34.0000000000000       1.047305163982648E-003  0.000000000000000E+000
   35.0000000000000       1.017382159297429E-003  0.000000000000000E+000
   36.0000000000000       9.891215437613896E-004  0.000000000000000E+000
   37.0000000000000       9.623885290651358E-004  0.000000000000000E+000
   38.0000000000000       9.370625151423690E-004  0.000000000000000E+000
   39.0000000000000       9.130352711643596E-004  0.000000000000000E+000
   40.0000000000000       8.902093893852506E-004  0.000000000000000E+000
   41.0000000000000       8.684969652539030E-004  0.000000000000000E+000
   42.0000000000000       8.478184660811910E-004  0.000000000000000E+000
   43.0000000000000       8.281017575676750E-004  0.000000000000000E+000
   44.0000000000000       8.092812630775006E-004  0.000000000000000E+000
   45.0000000000000       7.912972350091116E-004  0.000000000000000E+000
   46.0000000000000       7.740951212045657E-004  0.000000000000000E+000
   47.0000000000000       7.576250122427664E-004  0.000000000000000E+000
   48.0000000000000       7.418411578210422E-004  0.000000000000000E+000
   49.0000000000000       7.267015423553066E-004  0.000000000000000E+000
   50.0000000000000       7.121675115082005E-004  0.000000000000000E+000
   51.0000000000000       6.982034426550984E-004  0.000000000000000E+000
   52.0000000000000       6.847764533732697E-004  0.000000000000000E+000
   53.0000000000000       6.718561429322646E-004  0.000000000000000E+000
   54.0000000000000       6.594143625075930E-004  0.000000000000000E+000
   55.0000000000000       6.474250104620004E-004  0.000000000000000E+000
   56.0000000000000       6.358638495608933E-004  0.000000000000000E+000
   57.0000000000000       6.247083434282460E-004  0.000000000000000E+000
   58.0000000000000       6.139375099208624E-004  0.000000000000000E+000
   59.0000000000000       6.035317894137292E-004  0.000000000000000E+000
   60.0000000000000       5.934729262568338E-004  0.000000000000000E+000
   61.0000000000000       5.837438618919676E-004  0.000000000000000E+000
   62.0000000000000       5.743286383130649E-004  0.000000000000000E+000
   63.0000000000000       5.652123107207940E-004  0.000000000000000E+000
   64.0000000000000       5.563808683657816E-004  0.000000000000000E+000
   65.0000000000000       5.478211626986157E-004  0.000000000000000E+000
   66.0000000000000       5.395208420516670E-004  0.000000000000000E+000
   67.0000000000000       5.314682921702988E-004  0.000000000000000E+000
   68.0000000000000       5.236525819913238E-004  0.000000000000000E+000
   69.0000000000000       5.160634141363772E-004  0.000000000000000E+000
   70.0000000000000       5.086910796487146E-004  0.000000000000000E+000
   71.0000000000000       5.015264165550708E-004  0.000000000000000E+000
   72.0000000000000       4.945607718806948E-004  0.000000000000000E+000
   73.0000000000000       4.877859667864387E-004  0.000000000000000E+000
   74.0000000000000       4.811942645325679E-004  0.000000000000000E+000
   75.0000000000000       4.747783410054669E-004  0.000000000000000E+000
   76.0000000000000       4.685312575711845E-004  0.000000000000000E+000
   77.0000000000000       4.624464360442860E-004  0.000000000000000E+000
   78.0000000000000       4.565176355821798E-004  0.000000000000000E+000
   79.0000000000000       4.507389313343041E-004  0.000000000000000E+000
   80.0000000000000       4.451046946926253E-004  0.000000000000000E+000
   81.0000000000000       4.396095750050620E-004  0.000000000000000E+000
   82.0000000000000       4.342484826269515E-004  0.000000000000000E+000
   83.0000000000000       4.290165731977111E-004  0.000000000000000E+000
   84.0000000000000       4.239092330405955E-004  0.000000000000000E+000
   85.0000000000000       4.189220655930591E-004  0.000000000000000E+000
   86.0000000000000       4.140508787838375E-004  0.000000000000000E+000
   87.0000000000000       4.092916732805750E-004  0.000000000000000E+000
   88.0000000000000       4.046406315387503E-004  0.000000000000000E+000
   89.0000000000000       4.000941075888766E-004  0.000000000000000E+000
   90.0000000000000       3.956486175045558E-004  0.000000000000000E+000
   91.0000000000000       3.913008304990112E-004  0.000000000000000E+000
   92.0000000000000       3.870475606022829E-004  0.000000000000000E+000
   93.0000000000000       3.828857588753766E-004  0.000000000000000E+000
   94.0000000000000       3.788125061213832E-004  0.000000000000000E+000
   95.0000000000000       3.748250060569476E-004  0.000000000000000E+000
   96.0000000000000       3.709205789105211E-004  0.000000000000000E+000
   97.0000000000000       3.670966554165982E-004  0.000000000000000E+000
   98.0000000000000       3.633507711776533E-004  0.000000000000000E+000
   99.0000000000000       3.596805613677780E-004  0.000000000000000E+000
   100.000000000000       3.560837557541002E-004  0.000000000000000E+000
   101.000000000000       3.525581740139606E-004  0.000000000000000E+000
   102.000000000000       3.491017213275492E-004  0.000000000000000E+000
   103.000000000000       3.457123842272818E-004  0.000000000000000E+000
   104.000000000000       3.423882266866349E-004  0.000000000000000E+000
   105.000000000000       3.391273864324764E-004  0.000000000000000E+000
   106.000000000000       3.359280714661323E-004  0.000000000000000E+000
   107.000000000000       3.327885567795329E-004  0.000000000000000E+000
   108.000000000000       3.297071812537965E-004  0.000000000000000E+000
   109.000000000000       3.266823447285323E-004  0.000000000000000E+000
   110.000000000000       3.237125052310002E-004  0.000000000000000E+000
   111.000000000000       3.207961763550452E-004  0.000000000000000E+000
   112.000000000000       3.179319247804466E-004  0.000000000000000E+000
   113.000000000000       3.151183679239825E-004  0.000000000000000E+000
   114.000000000000       3.123541717141230E-004  0.000000000000000E+000
   115.000000000000       3.096380484818263E-004  0.000000000000000E+000
   116.000000000000       3.069687549604312E-004  0.000000000000000E+000
   117.000000000000       3.043450903881199E-004  0.000000000000000E+000
   118.000000000000       3.017658947068646E-004  0.000000000000000E+000
   119.000000000000       2.992300468521850E-004  0.000000000000000E+000
   120.000000000000       2.967364631284169E-004  0.000000000000000E+000
   121.000000000000       2.942840956645456E-004  0.000000000000000E+000
   122.000000000000       2.918719309459838E-004  0.000000000000000E+000
   123.000000000000       2.894989884179677E-004  0.000000000000000E+000
   124.000000000000       2.871643191565324E-004  0.000000000000000E+000
   125.000000000000       2.848670046032802E-004  0.000000000000000E+000
   126.000000000000       2.826061553603970E-004  0.000000000000000E+000
   127.000000000000       2.803809100425986E-004  0.000000000000000E+000
   128.000000000000       2.781904341828908E-004  0.000000000000000E+000
   129.000000000000       2.760339191892250E-004  0.000000000000000E+000
   130.000000000000       2.739105813493079E-004  0.000000000000000E+000
   131.000000000000       2.718196608809925E-004  0.000000000000000E+000
   132.000000000000       2.697604210258335E-004  0.000000000000000E+000
   133.000000000000       2.677321471835340E-004  0.000000000000000E+000
   134.000000000000       2.657341460851494E-004  0.000000000000000E+000
   135.000000000000       2.637657450030372E-004  0.000000000000000E+000
   136.000000000000       2.618262909956619E-004  0.000000000000000E+000
   137.000000000000       2.599151501854746E-004  0.000000000000000E+000
   138.000000000000       2.580317070681886E-004  0.000000000000000E+000
   139.000000000000       2.561753638518706E-004  0.000000000000000E+000
   140.000000000000       2.543455398243573E-004  0.000000000000000E+000
   141.000000000000       2.525416707475888E-004  0.000000000000000E+000
   142.000000000000       2.507632082775354E-004  0.000000000000000E+000
   143.000000000000       2.490096194084617E-004  0.000000000000000E+000
   144.000000000000       2.472803859403474E-004  0.000000000000000E+000
   145.000000000000       2.455750039683450E-004  0.000000000000000E+000
   146.000000000000       2.438929833932193E-004  0.000000000000000E+000
   147.000000000000       2.422338474517689E-004  0.000000000000000E+000
   148.000000000000       2.405971322662839E-004  0.000000000000000E+000
   149.000000000000       2.389823864121478E-004  0.000000000000000E+000
   150.000000000000       2.373891705027335E-004  0.000000000000000E+000
   151.000000000000       2.358170567907948E-004  0.000000000000000E+000
   152.000000000000       2.342656287855922E-004  0.000000000000000E+000
   153.000000000000       2.327344808850328E-004  0.000000000000000E+000
   154.000000000000       2.312232180221430E-004  0.000000000000000E+000
   155.000000000000       2.297314553252260E-004  0.000000000000000E+000
   156.000000000000       2.282588177910899E-004  0.000000000000000E+000
   157.000000000000       2.268049399707645E-004  0.000000000000000E+000
   158.000000000000       2.253694656671520E-004  0.000000000000000E+000
   159.000000000000       2.239520476440882E-004  0.000000000000000E+000
   160.000000000000       2.225523473463126E-004  0.000000000000000E+000
   161.000000000000       2.211700346298759E-004  0.000000000000000E+000
   162.000000000000       2.198047875025310E-004  0.000000000000000E+000
   163.000000000000       2.184562918736811E-004  0.000000000000000E+000
   164.000000000000       2.171242413134758E-004  0.000000000000000E+000
   165.000000000000       2.158083368206668E-004  0.000000000000000E+000
   166.000000000000       2.145082865988556E-004  0.000000000000000E+000
   167.000000000000       2.132238058407786E-004  0.000000000000000E+000
   168.000000000000       2.119546165202977E-004  0.000000000000000E+000
   169.000000000000       2.107004471917753E-004  0.000000000000000E+000
   170.000000000000       2.094610327965295E-004  0.000000000000000E+000
   171.000000000000       2.082361144760820E-004  0.000000000000000E+000
   172.000000000000       2.070254393919187E-004  0.000000000000000E+000
   173.000000000000       2.058287605515030E-004  0.000000000000000E+000
   174.000000000000       2.046458366402875E-004  0.000000000000000E+000
   175.000000000000       2.034764318594858E-004  0.000000000000000E+000
   176.000000000000       2.023203157693751E-004  0.000000000000000E+000
   177.000000000000       2.011772631379097E-004  0.000000000000000E+000
   178.000000000000       2.000470537944383E-004  0.000000000000000E+000
   179.000000000000       1.989294724883242E-004  0.000000000000000E+000
   180.000000000000       1.978243087522779E-004  0.000000000000000E+000
   181.000000000000       1.967313567702211E-004  0.000000000000000E+000
   182.000000000000       1.956504152495056E-004  0.000000000000000E+000
   183.000000000000       1.945812872973225E-004  0.000000000000000E+000
   184.000000000000       1.935237803011414E-004  0.000000000000000E+000
   185.000000000000       1.924777058130271E-004  0.000000000000000E+000
   186.000000000000       1.914428794376883E-004  0.000000000000000E+000
   187.000000000000       1.904191207241178E-004  0.000000000000000E+000
   188.000000000000       1.894062530606916E-004  0.000000000000000E+000
   189.000000000000       1.884041035735980E-004  0.000000000000000E+000
   190.000000000000       1.874125030284738E-004  0.000000000000000E+000
   191.000000000000       1.864312857351310E-004  0.000000000000000E+000
   192.000000000000       1.854602894552605E-004  0.000000000000000E+000
   193.000000000000       1.844993553130053E-004  0.000000000000000E+000
   194.000000000000       1.835483277082991E-004  0.000000000000000E+000
   195.000000000000       1.826070542328719E-004  0.000000000000000E+000
   196.000000000000       1.816753855888266E-004  0.000000000000000E+000
   197.000000000000       1.807531755096956E-004  0.000000000000000E+000
   198.000000000000       1.798402806838890E-004  0.000000000000000E+000
   199.000000000000       1.789365606804524E-004  0.000000000000000E+000
   200.000000000000       1.780418778770501E-004  0.000000000000000E+000
   201.000000000000       1.771560973900996E-004  0.000000000000000E+000
   202.000000000000       1.762790870069803E-004  0.000000000000000E+000
   203.000000000000       1.754107171202464E-004  0.000000000000000E+000
   204.000000000000       1.745508606637746E-004  0.000000000000000E+000
   205.000000000000       1.736993930507806E-004  0.000000000000000E+000
   206.000000000000       1.728561921136409E-004  0.000000000000000E+000
   207.000000000000       1.720211380454591E-004  0.000000000000000E+000
   208.000000000000       1.711941133433174E-004  0.000000000000000E+000
   209.000000000000       1.703750027531580E-004  0.000000000000000E+000
   210.000000000000       1.695636932162382E-004  0.000000000000000E+000
   211.000000000000       1.687600738171091E-004  0.000000000000000E+000
   212.000000000000       1.679640357330662E-004  0.000000000000000E+000
   213.000000000000       1.671754721850236E-004  0.000000000000000E+000
   214.000000000000       1.663942783897665E-004  0.000000000000000E+000
   215.000000000000       1.656203515135350E-004  0.000000000000000E+000
   216.000000000000       1.648535906268983E-004  0.000000000000000E+000
   217.000000000000       1.640938966608757E-004  0.000000000000000E+000
   218.000000000000       1.633411723642662E-004  0.000000000000000E+000
   219.000000000000       1.625953222621462E-004  0.000000000000000E+000
   220.000000000000       1.618562526155001E-004  0.000000000000000E+000
   221.000000000000       1.611238713819458E-004  0.000000000000000E+000
   222.000000000000       1.603980881775226E-004  0.000000000000000E+000
   223.000000000000       1.596788142395068E-004  0.000000000000000E+000
   224.000000000000       1.589659623902233E-004  0.000000000000000E+000
   225.000000000000       1.582594470018223E-004  0.000000000000000E+000
   226.000000000000       1.575591839619912E-004  0.000000000000000E+000
   227.000000000000       1.568650906405728E-004  0.000000000000000E+000
   228.000000000000       1.561770858570615E-004  0.000000000000000E+000
   229.000000000000       1.554950898489521E-004  0.000000000000000E+000
   230.000000000000       1.548190242409131E-004  0.000000000000000E+000
   231.000000000000       1.541488120147620E-004  0.000000000000000E+000
   232.000000000000       1.534843774802156E-004  0.000000000000000E+000
   233.000000000000       1.528256462463950E-004  0.000000000000000E+000
   234.000000000000       1.521725451940599E-004  0.000000000000000E+000
   235.000000000000       1.515250024485533E-004  0.000000000000000E+000
   236.000000000000       1.508829473534323E-004  0.000000000000000E+000
   237.000000000000       1.502463104447680E-004  0.000000000000000E+000
   238.000000000000       1.496150234260925E-004  0.000000000000000E+000
   239.000000000000       1.489890191439750E-004  0.000000000000000E+000
   240.000000000000       1.483682315642084E-004  0.000000000000000E+000
   241.000000000000       1.477525957485893E-004  0.000000000000000E+000
   242.000000000000       1.471420478322728E-004  0.000000000000000E+000
   243.000000000000       1.465365250016873E-004  0.000000000000000E+000
   244.000000000000       1.459359654729919E-004  0.000000000000000E+000
   245.000000000000       1.453403084710613E-004  0.000000000000000E+000
   246.000000000000       1.447494942089838E-004  0.000000000000000E+000
   247.000000000000       1.441634638680568E-004  0.000000000000000E+000
   248.000000000000       1.435821595782662E-004  0.000000000000000E+000
   249.000000000000       1.430055243992370E-004  0.000000000000000E+000
   250.000000000000       1.424335023016401E-004  0.000000000000000E+000
   251.000000000000       1.418660381490439E-004  0.000000000000000E+000
   252.000000000000       1.413030776801985E-004  0.000000000000000E+000
   253.000000000000       1.407445674917392E-004  0.000000000000000E+000
   254.000000000000       1.401904550212993E-004  0.000000000000000E+000
   255.000000000000       1.396406885310197E-004  0.000000000000000E+000
   256.000000000000       1.390952170914454E-004  0.000000000000000E+000
   257.000000000000       1.385539905657978E-004  0.000000000000000E+000
   258.000000000000       1.380169595946125E-004  0.000000000000000E+000
   259.000000000000       1.374840755807337E-004  0.000000000000000E+000
   260.000000000000       1.369552906746539E-004  0.000000000000000E+000
   261.000000000000       1.364305577601917E-004  0.000000000000000E+000
   262.000000000000       1.359098304404963E-004  0.000000000000000E+000
   263.000000000000       1.353930630243727E-004  0.000000000000000E+000
   264.000000000000       1.348802105129168E-004  0.000000000000000E+000
   265.000000000000       1.343712285864529E-004  0.000000000000000E+000
   266.000000000000       1.338660735917670E-004  0.000000000000000E+000
   267.000000000000       1.333647025296256E-004  0.000000000000000E+000
   268.000000000000       1.328670730425747E-004  0.000000000000000E+000
   269.000000000000       1.323731434030112E-004  0.000000000000000E+000
   270.000000000000       1.318828725015186E-004  0.000000000000000E+000
   271.000000000000       1.313962198354613E-004  0.000000000000000E+000
   272.000000000000       1.309131454978310E-004  0.000000000000000E+000
   273.000000000000       1.304336101663371E-004  0.000000000000000E+000
   274.000000000000       1.299575750927373E-004  0.000000000000000E+000
   275.000000000000       1.294850020924001E-004  0.000000000000000E+000
   276.000000000000       1.290158535340943E-004  0.000000000000000E+000
   277.000000000000       1.285500923300001E-004  0.000000000000000E+000
   278.000000000000       1.280876819259353E-004  0.000000000000000E+000
   279.000000000000       1.276285862917922E-004  0.000000000000000E+000
   280.000000000000       1.271727699121787E-004  0.000000000000000E+000
   281.000000000000       1.267201977772599E-004  0.000000000000000E+000
   282.000000000000       1.262708353737944E-004  0.000000000000000E+000
   283.000000000000       1.258246486763605E-004  0.000000000000000E+000
   284.000000000000       1.253816041387677E-004  0.000000000000000E+000
   285.000000000000       1.249416686856492E-004  0.000000000000000E+000
   286.000000000000       1.245048097042309E-004  0.000000000000000E+000
   287.000000000000       1.240709950362719E-004  0.000000000000000E+000
   288.000000000000       1.236401929701737E-004  0.000000000000000E+000
   289.000000000000       1.232123722332527E-004  0.000000000000000E+000
   290.000000000000       1.227875019841725E-004  0.000000000000000E+000
   291.000000000000       1.223655518055327E-004  0.000000000000000E+000
   292.000000000000       1.219464916966097E-004  0.000000000000000E+000
   293.000000000000       1.215302920662458E-004  0.000000000000000E+000
   294.000000000000       1.211169237258844E-004  0.000000000000000E+000
   295.000000000000       1.207063578827458E-004  0.000000000000000E+000
   296.000000000000       1.202985661331420E-004  0.000000000000000E+000
   297.000000000000       1.198935204559260E-004  0.000000000000000E+000
   298.000000000000       1.194911932060739E-004  0.000000000000000E+000
   299.000000000000       1.190915571083947E-004  0.000000000000000E+000
   300.000000000000       1.186945852513667E-004  0.000000000000000E+000
   301.000000000000       1.183002510810964E-004  0.000000000000000E+000
   302.000000000000       1.179085283953974E-004  0.000000000000000E+000
   303.000000000000       1.175193913379869E-004  0.000000000000000E+000
   304.000000000000       1.171328143927961E-004  0.000000000000000E+000
   305.000000000000       1.167487723783935E-004  0.000000000000000E+000
   306.000000000000       1.163672404425164E-004  0.000000000000000E+000
   307.000000000000       1.159881940567102E-004  0.000000000000000E+000
   308.000000000000       1.156116090110715E-004  0.000000000000000E+000
   309.000000000000       1.152374614090939E-004  0.000000000000000E+000
   310.000000000000       1.148657276626130E-004  0.000000000000000E+000
