  0.000000000000000E+000  -2.04232838751650      -4.142268469363316E-018
  7.812500000000000E-003  -2.04309703432032      -2.105823271759975E-003
  1.562500000000000E-002  -2.04552019714458      -5.676002665732014E-003
  2.343750000000000E-002  -2.04736916974533      -1.064265648460116E-002
  3.125000000000000E-002  -2.04880272368211      -1.468887736192660E-002
  3.906250000000000E-002  -2.05053756613388      -1.948286380252617E-002
  4.687500000000000E-002  -2.05444596915831      -2.381679434498034E-002
  5.468750000000000E-002  -2.05647086466009      -3.168338017533796E-002
  6.250000000000000E-002  -2.05716975695789      -3.646915219072728E-002
  7.031250000000000E-002  -2.05988745840358      -4.099997130283606E-002
  7.812500000000000E-002  -2.06275358379345      -4.956042083401100E-002
  8.593750000000000E-002  -2.05725963833886      -5.187833414156546E-002
  9.375000000000000E-002  -2.06361177028989      -5.061614142814312E-002
  0.101562500000000       -2.06966983192154      -5.305108196514025E-002
  0.109375000000000       -2.08426720925931      -6.000431458412180E-002
  0.117187500000000       -2.08393210065510      -7.188289157154676E-002
  0.125000000000000       -2.08910513954931      -8.087463592289050E-002
  0.132812500000000       -2.08553578469236      -7.708571062946938E-002
  0.140625000000000       -2.10760003107877      -7.061769760672920E-002
  0.148437500000000       -2.13146630804437      -9.335269041600729E-002
  0.156250000000000       -2.14478384841440      -0.119650285866388     
  0.164062500000000       -2.14163044945128      -0.146196371146333     
  0.171875000000000       -2.14144891272011      -0.165853403885258     
  0.179687500000000       -2.13093726206316      -0.189856353882064     
  0.187500000000000       -2.12193040951273      -0.200310008934812     
  0.195312500000000       -2.11077006476731      -0.219727372981538     
  0.203125000000000       -2.08698805043760      -0.206392826132128     
  0.210937500000000       -2.09376144465309      -0.191262155955309     
  0.218750000000000       -2.11680308994069      -0.190582465105242     
  0.226562500000000       -2.13589724256504      -0.203683934024318     
  0.234375000000000       -2.15182324836587      -0.229005875357239     
  0.242187500000000       -2.15007794708826      -0.249248436932195     
  0.250000000000000       -2.16041808263300      -0.268339890356430     
  0.257812500000000       -2.17691806094185      -0.311823345068158     
  0.265625000000000       -2.13500863533716      -0.353304827256232     
  0.273437500000000       -2.10304758547051      -0.365865857689140     
  0.281250000000000       -2.06251901974165      -0.375294342693633     
  0.289062500000000       -2.03799203008609      -0.341207017115449     
  0.296875000000000       -2.03770558807882      -0.318723526602025     
  0.304687500000000       -2.04577230573229      -0.300695077038855     
  0.312500000000000       -2.06309425363210      -0.293407788769755     
  0.320312500000000       -2.07819809404829      -0.290859104141177     
  0.328125000000000       -2.09626030685611      -0.288116783406421     
  0.335937500000000       -2.12683564113944      -0.297276414119877     
  0.343750000000000       -2.14872720060073      -0.319065484429034     
  0.351562500000000       -2.16491746153402      -0.350391949476758     
  0.359375000000000       -2.14962515541563      -0.389869915981539     
  0.367187500000000       -2.13694114864144      -0.391824935797231     
  0.375000000000000       -2.13718249434930      -0.392050242739893     
  0.382812500000000       -2.14669416223350      -0.390228304369885     
  0.390625000000000       -2.17527718865985      -0.403462519637949     
  0.398437500000000       -2.19324852709397      -0.433203614537096     
  0.406250000000000       -2.20305290762825      -0.473808205636090     
  0.414062500000000       -2.18435393574915      -0.534267742436435     
  0.421875000000000       -2.13744894987697      -0.531688604165494     
  0.429687500000000       -2.12362183597317      -0.523544531874723     
  0.437500000000000       -2.12061025746435      -0.516527982940066     
  0.445312500000000       -2.12742877265989      -0.508323532192132     
  0.453125000000000       -2.14340636149567      -0.512840221972848     
  0.460937500000000       -2.15821713085807      -0.521841421938753     
  0.468750000000000       -2.17467976401437      -0.534801627467441     
  0.476562500000000       -2.19361958556298      -0.554673390654130     
  0.484375000000000       -2.20546572015236      -0.581100389239026     
  0.492187500000000       -2.21758948015327      -0.608474492200071     
  0.500000000000000       -2.22966853819662      -0.642262311910198     
  0.507812500000000       -2.23807585283783      -0.688611520189841     
  0.515625000000000       -2.21475157137933      -0.740772413905107     
  0.523437500000000       -2.19002173614161      -0.769500964052190     
  0.531250000000000       -2.16697057349162      -0.794629251890574     
  0.539062500000000       -2.14093936940638      -0.818180493974221     
  0.546875000000000       -2.10029337575133      -0.836609227806362     
  0.554687500000000       -2.07301523249383      -0.822526120730168     
  0.562500000000000       -2.06190731151384      -0.812688288390060     
  0.570312500000000       -2.05913451974056      -0.805494336184240     
  0.578125000000000       -2.06420844879016      -0.801593851803166     
  0.585937500000000       -2.07674491147038      -0.809639710158660     
  0.593750000000000       -2.08026877120740      -0.821996739762040     
  0.601562500000000       -2.08471394532988      -0.833654313548452     
  0.609375000000000       -2.09110644998146      -0.846614333280022     
  0.617187500000000       -2.10051989434045      -0.862303863142100     
  0.625000000000000       -2.11482898154323      -0.888942059504411     
  0.632812500000000       -2.11441231668628      -0.922162498769253     
  0.640625000000000       -2.10936942989927      -0.952886132149846     
  0.648437500000000       -2.10042852741603      -0.982659351139494     
  0.656250000000000       -2.08681973272341       -1.01063232640887     
  0.664062500000000       -2.06662647219741       -1.03180763683369     
  0.671875000000000       -2.05962857444304       -1.04327343941320     
  0.679687500000000       -2.05548888716210       -1.06307863539663     
  0.687500000000000       -2.05040665714234       -1.08677864274162     
  0.695312500000000       -2.04316310827705       -1.11325679908932     
  0.703125000000000       -2.03260644438789       -1.14122503098181     
  0.710937500000000       -2.02047244053902       -1.16729320510042     
  0.718750000000000       -2.00839739875000       -1.19683755653253     
  0.726562500000000       -1.99239432277388       -1.22893122176036     
  0.734375000000000       -1.97101338995423       -1.26250766924909     
  0.742187500000000       -1.94208444698149       -1.29616392877564     
  0.750000000000000       -1.90049542989305       -1.32639303033592     
  0.757812500000000       -1.85427598879665       -1.32358393827533     
  0.765625000000000       -1.83583029427011       -1.32325765878078     
  0.773437500000000       -1.82221456227353       -1.33109577447310     
  0.781250000000000       -1.80949584661004       -1.34497377487482     
  0.789062500000000       -1.79535599530203       -1.36392323131938     
  0.796875000000000       -1.77733286134946       -1.38697831871274     
  0.804687500000000       -1.75298298942580       -1.40815854294396     
  0.812500000000000       -1.73086278920174       -1.42910502692978     
  0.820312500000000       -1.70661363250381       -1.45363640190406     
  0.828125000000000       -1.67766499591713       -1.48149051839892     
  0.835937500000000       -1.64095018988745       -1.51209659244823     
  0.843750000000000       -1.59125875585282       -1.54353090211397     
  0.851562500000000       -1.51345394318721       -1.56188541479036     
  0.859375000000000       -1.45395050638031       -1.54138304971882     
  0.867187500000000       -1.40825099297073       -1.52283897849604     
  0.875000000000000       -1.36761894348724       -1.50415510539197     
  0.882812500000000       -1.32941931378722       -1.48370959186627     
  0.890625000000000       -1.29242942853852       -1.45919311245254     
  0.898437500000000       -1.25615915306189       -1.42589899700724     
  0.906250000000000       -1.23878422414302       -1.36652385300002     
  0.914062500000000       -1.25400968906418       -1.33129507274133     
  0.921875000000000       -1.27030784388089       -1.31162259818037     
  0.929687500000000       -1.28739570015257       -1.30154112535086     
  0.937500000000000       -1.30579346567389       -1.29939893364431     
  0.945312500000000       -1.32679206714243       -1.30540400308683     
  0.953125000000000       -1.35382754757131       -1.32270723781108     
  0.960937500000000       -1.38404210975416       -1.38301020563486     
  0.968750000000000       -1.36018052919547       -1.44775814091848     
  0.976562500000000       -1.32093235346166       -1.50052150390460     
  0.984375000000000       -1.26826495384377       -1.54566567847367     
  0.992187500000000       -1.20136657622826       -1.58191230885763     
   1.00000000000000       -1.11882416392018       -1.60475007565507     
   1.00781250000000       -1.01952646356761       -1.60483909779073     
   1.01562500000000      -0.903183505981334       -1.55570721406345     
   1.02343750000000      -0.874445628760190       -1.45830986483549     
   1.03125000000000      -0.864970504518197       -1.40556307137948     
   1.03906250000000      -0.858072514484625       -1.36642062272835     
   1.04687500000000      -0.852358403142831       -1.33491630677427     
   1.05468750000000      -0.847426775943666       -1.30848636646831     
   1.06250000000000      -0.843310726687567       -1.28588397052838     
   1.07031250000000      -0.840512672389951       -1.26680877929699     
   1.07812500000000      -0.840620505830683       -1.25549820108106     
   1.08593750000000      -0.829374895897495       -1.24957498129682     
   1.09375000000000      -0.814389684708068       -1.24054424369916     
   1.10156250000000      -0.796965489319048       -1.22935558371812     
   1.10937500000000      -0.777510120563634       -1.21561175999838     
   1.11718750000000      -0.756348664130117       -1.19845874481726     
   1.12500000000000      -0.733959881735966       -1.17651208213737     
   1.13281250000000      -0.711317896042251       -1.14731839995821     
   1.14062500000000      -0.691384935294720       -1.10290937741946     
   1.14843750000000      -0.704780439333015       -1.06072618114630     
   1.15625000000000      -0.716323560740202       -1.03491228964261     
   1.16406250000000      -0.726558894543915       -1.01448319915785     
   1.17187500000000      -0.735984973494477      -0.997366320872187     
   1.17968750000000      -0.744927411572649      -0.982649585994332     
   1.18750000000000      -0.753658023313894      -0.969881658163230     
   1.19531250000000      -0.762449352812291      -0.958892176984132     
   1.20312500000000      -0.771663591475884      -0.949831310820111     
   1.21093750000000      -0.781064131316085      -0.944589419676791     
   1.21875000000000      -0.787484465226701      -0.940933588516733     
   1.22656250000000      -0.793039625731832      -0.937810768469034     
   1.23437500000000      -0.798136666756464      -0.935508044046400     
   1.24218750000000      -0.802996229203281      -0.934246217103504     
   1.25000000000000      -0.807793002057946      -0.934326109761301     
   1.25781250000000      -0.812701511703556      -0.936236054777936     
   1.26562500000000      -0.817943275346474      -0.940895252493835     
   1.27343750000000      -0.823916947353276      -0.950602544536997     
   1.28125000000000      -0.822194928843394      -0.975868924277429     
   1.28906250000000      -0.801954488784054      -0.991481079780421     
   1.29687500000000      -0.779407213126960      -0.999880475197622     
   1.30468750000000      -0.754926106411742       -1.00331601339248     
   1.31250000000000      -0.728828444153017       -1.00211557814566     
   1.32031250000000      -0.701524144163443      -0.996054738114328     
   1.32812500000000      -0.673603757672821      -0.984593522057973     
   1.33593750000000      -0.645960782686046      -0.966881206318538     
   1.34375000000000      -0.620072292607129      -0.941477489471680     
   1.35156250000000      -0.599583050664090      -0.903787409054930     
   1.35937500000000      -0.605391282081968      -0.869931184103637     
   1.36718750000000      -0.608308458901774      -0.848762302555716     
   1.37500000000000      -0.609775309157195      -0.830655179007188     
   1.38281250000000      -0.610513897931939      -0.814069417339569     
   1.39062500000000      -0.610880519718183      -0.798338618681793     
   1.39843750000000      -0.611107074745499      -0.783109145409727     
   1.40625000000000      -0.611373041822380      -0.768182303964312     
   1.41406250000000      -0.611838537289975      -0.753461159559038     
   1.42187500000000      -0.612672440594871      -0.738954422165153     
   1.42968750000000      -0.614165708756884      -0.725009615472523     
   1.43750000000000      -0.614687737885943      -0.712001235716361     
   1.44531250000000      -0.615004686711260      -0.698269112289937     
   1.45312500000000      -0.615501851751738      -0.684074604933730     
   1.46093750000000      -0.616332812247801      -0.669431731517490     
   1.46875000000000      -0.617628516503134      -0.654327172831739     
   1.47656250000000      -0.619522215041159      -0.638734606738934     
   1.48437500000000      -0.622166937762595      -0.622611426287894     
   1.49218750000000      -0.625763007636120      -0.605881835520658     
   1.50000000000000      -0.630628420410090      -0.588383904170765     
   1.50781250000000      -0.637510640486472      -0.569616847924483     
   1.51562500000000      -0.651264191272857      -0.551815811953119     
   1.52343750000000      -0.664127611795307      -0.540494710515735     
   1.53125000000000      -0.675528348251624      -0.530532462482596     
   1.53906250000000      -0.686177482332828      -0.521313732901432     
   1.54687500000000      -0.696381111616817      -0.512589099607991     
   1.55468750000000      -0.706328942042602      -0.504215958914201     
   1.56250000000000      -0.716167526483342      -0.496094626777281     
   1.57031250000000      -0.726035066093957      -0.488140536927277     
   1.57812500000000      -0.736093964467436      -0.480262147891503     
   1.58593750000000      -0.746595835549086      -0.472321464106579     
   1.59375000000000      -0.758162607953704      -0.463964344098791     
   1.60156250000000      -0.774007516258555      -0.457629606880837     
   1.60937500000000      -0.787740921567539      -0.455773690714318     
   1.61718750000000      -0.799857106796188      -0.454880648316424     
   1.62500000000000      -0.810909981594892      -0.454648126520826     
   1.63281250000000      -0.821123343358776      -0.454982968889728     
   1.64062500000000      -0.830608079706629      -0.455867839138125     
   1.64843750000000      -0.839411991292819      -0.457335250861978     
   1.65625000000000      -0.847530809914460      -0.459469280431407     
   1.66406250000000      -0.854896836703963      -0.462429430137389     
   1.67187500000000      -0.861330615400568      -0.466520867469660     
   1.67968750000000      -0.866357414051817      -0.472441992655192     
   1.68750000000000      -0.866178436372598      -0.483272545744819     
   1.69531250000000      -0.857505175241593      -0.484126726435194     
   1.70312500000000      -0.852020914005436      -0.480705933096624     
   1.71093750000000      -0.848095123082109      -0.475207907408882     
   1.71875000000000      -0.845379209828502      -0.468206909558367     
   1.72656250000000      -0.843752288466724      -0.459985464154932     
   1.73437500000000      -0.843182553904028      -0.450715584585647     
   1.74218750000000      -0.843687033825113      -0.440514947656502     
   1.75000000000000      -0.845319210497875      -0.429469058787111     
   1.75781250000000      -0.848171511728937      -0.417639166386479     
   1.76562500000000      -0.852397838101873      -0.405058551224251     
   1.77343750000000      -0.858301068539769      -0.391700125847561     
   1.78125000000000      -0.867263477722265      -0.377103252758710     
   1.78906250000000      -0.879044587705274      -0.367149860338516     
   1.79687500000000      -0.889441927371083      -0.357894804635286     
   1.80468750000000      -0.899771963642333      -0.348712106165241     
   1.81250000000000      -0.910369233528833      -0.339464798609113     
   1.82031250000000      -0.921430848873756      -0.330087802099561     
   1.82812500000000      -0.933113925480560      -0.320539746757585     
   1.83593750000000      -0.945571036191702      -0.310786376179102     
   1.84375000000000      -0.958974011716023      -0.300790714303753     
   1.85156250000000      -0.973542478478228      -0.290502650640174     
   1.85937500000000      -0.989596127242029      -0.279840807867371     
   1.86718750000000       -1.00768660825058      -0.268646758777789     
   1.87500000000000       -1.02911272585185      -0.256502169225077     
   1.88281250000000       -1.06156908857827      -0.246875562276558     
   1.89062500000000       -1.08991722644747      -0.250912936377570     
   1.89843750000000       -1.11361738865866      -0.255915211083398     
   1.90625000000000       -1.13513314829005      -0.261267322507691     
   1.91406250000000       -1.15535811153622      -0.266819511636668     
   1.92187500000000       -1.17479260152324      -0.272525804044888     
   1.92968750000000       -1.19378439760257      -0.278383325706029     
   1.93750000000000       -1.21261886499191      -0.284416825549763     
   1.94531250000000       -1.23156879470451      -0.290677924667308     
   1.95312500000000       -1.25093750489856      -0.297254678824572     
   1.96093750000000       -1.27111912595085      -0.304297423022029     
   1.96875000000000       -1.29272454357966      -0.312087224759684     
   1.97656250000000       -1.31697150329175      -0.321273742769129     
   1.98437500000000       -1.34915178112420      -0.335678862280495     
   1.99218750000000       -1.36964598305426      -0.366819493765914     
   2.00000000000000       -1.38222933511816      -0.394452753917656     
   2.00781250000000       -1.39042342156972      -0.421010351295415     
   2.01562500000000       -1.39464750420872      -0.446769408432964     
   2.02343750000000       -1.39473945963185      -0.471549687665563     
   2.03125000000000       -1.39024447170765      -0.494757377922029     
   2.03906250000000       -1.38056884392984      -0.515228478722992     
   2.04687500000000       -1.36523848409626      -0.530950783100732     
   2.05468750000000       -1.34447705673750      -0.538740167599325     
   2.06250000000000       -1.32037456490584      -0.534169001954172     
   2.07031250000000       -1.29870904842069      -0.512545322163570     
   2.07812500000000       -1.29040175772639      -0.472109907477791     
   2.08593750000000       -1.31007896235764      -0.419002974162622     
   2.09375000000000       -1.38103456930288      -0.371212619493826     
   2.10156250000000       -1.44884123705654      -0.399248393724432     
   2.10937500000000       -1.48779617218254      -0.428124084907829     
   2.11718750000000       -1.51645961886239      -0.455826058166717     
   2.12500000000000       -1.53969556651282      -0.482344837977409     
   2.13281250000000       -1.55976153682240      -0.508125958435621     
   2.14062500000000       -1.57778171278113      -0.533671410720657     
   2.14843750000000       -1.59432287926429      -0.559403348486972     
   2.15625000000000       -1.60967721940981      -0.585662177668361     
   2.16406250000000       -1.62399633108521      -0.612750588269408     
   2.17187500000000       -1.63734676691020      -0.640988287764975     
   2.17968750000000       -1.64972139116647      -0.670778774702624     
   2.18750000000000       -1.66101180410159      -0.702719321944023     
   2.19531250000000       -1.67089927694847      -0.737862238198935     
   2.20312500000000       -1.67836734050886      -0.778710796917326     
   2.21093750000000       -1.66849020762406      -0.829863102758665     
   2.21875000000000       -1.64862573888067      -0.859911334653330     
   2.22656250000000       -1.63262948049242      -0.883827824848935     
   2.23437500000000       -1.61851147496446      -0.904669884634468     
   2.24218750000000       -1.60559374566043      -0.923454789213090     
   2.25000000000000       -1.59353436170721      -0.940689448359271     
   2.25781250000000       -1.58213200139112      -0.956670216148731     
   2.26562500000000       -1.57125873518190      -0.971584558141505     
   2.27343750000000       -1.56083100605627      -0.985554470229326     
   2.28125000000000       -1.55079576512353      -0.998657025647462     
   2.28906250000000       -1.54112419413433       -1.01093354906064     
   2.29687500000000       -1.53181065587980       -1.02239093620189     
   2.30468750000000       -1.52287765545961       -1.03299379283010     
   2.31250000000000       -1.51439312535528       -1.04263735320582     
   2.32031250000000       -1.50653038559508       -1.05105271747686     
   2.32812500000000       -1.50003290336885       -1.05705850672354     
   2.33593750000000       -1.49925295795139       -1.06518144950549     
   2.34375000000000       -1.49723611458457       -1.07600538296289     
   2.35156250000000       -1.49474419497802       -1.08763050206719     
   2.35937500000000       -1.49196511211282       -1.09977689481198     
   2.36718750000000       -1.48897669434162       -1.11234277187507     
   2.37500000000000       -1.48581619356966       -1.12529334744997     
   2.38281250000000       -1.48250042745076       -1.13862982332016     
   2.39062500000000       -1.47903336318199       -1.15237888826911     
   2.39843750000000       -1.47540894239414       -1.16659042684582     
   2.40625000000000       -1.47161133671925       -1.18134039243380     
   2.41406250000000       -1.46761300169420       -1.19673914939386     
   2.42187500000000       -1.46336965777674       -1.21294857034382     
   2.42968750000000       -1.45880916910579       -1.23021730882248     
   2.43750000000000       -1.45380467903966       -1.24896297546362     
   2.44531250000000       -1.44809210661395       -1.27001737269325     
   2.45312500000000       -1.44079302843953       -1.29599522457905     
   2.46093750000000       -1.41842149154460       -1.32370262218735     
   2.46875000000000       -1.39507610805297       -1.34046084422928     
   2.47656250000000       -1.37255022306286       -1.35362616397892     
   2.48437500000000       -1.35044254155850       -1.36427724562079     
   2.49218750000000       -1.32861085694015       -1.37281851378214     
   2.50000000000000       -1.30700414408863       -1.37942651007037     
   2.53125000000000       -1.22324265309135       -1.38690005401359     
   2.56250000000000       -1.14884606502445       -1.35808941295316     
   2.59375000000000       -1.14085545124268       -1.26175962653227     
   2.62500000000000       -1.21470218508042       -1.26749218877624     
   2.65625000000000       -1.26419813728245       -1.31555703835704     
   2.68750000000000       -1.30279407045258       -1.39342150612326     
   2.71875000000000       -1.33297810054404       -1.52095962732038     
   2.75000000000000       -1.22572911548032       -1.70157807648290     
   2.78125000000000       -1.07370556535252       -1.77585580524933     
   2.81250000000000      -0.914457849883180       -1.79511086468900     
   2.84375000000000      -0.756855170928358       -1.75180422996137     
   2.87500000000000      -0.649443009289275       -1.59658996703784     
   2.90625000000000      -0.698728258863198       -1.52478607567141     
   2.93750000000000      -0.719299930582126       -1.50616143453869     
   2.96875000000000      -0.729081190276139       -1.50629865800230     
   3.00000000000000      -0.731240090587944       -1.51988082370481     
   3.03125000000000      -0.717526370304181       -1.55325333550004     
   3.06250000000000      -0.677610715856904       -1.56707393382673     
   3.09375000000000      -0.641556398574154       -1.57104556741223     
   3.12500000000000      -0.607236623624137       -1.56977966998631     
   3.15625000000000      -0.574880527158466       -1.56349087936066     
   3.18750000000000      -0.546959289523823       -1.54876523684721     
   3.21875000000000      -0.536700839655957       -1.54113871338657     
   3.25000000000000      -0.522453782563137       -1.54141688159486     
   3.28125000000000      -0.506555860685400       -1.54441658022936     
   3.31250000000000      -0.489366216617965       -1.54970108568693     
   3.34375000000000      -0.470558100807329       -1.55828308163753     
   3.37500000000000      -0.441004773307874       -1.57040290939045     
   3.40625000000000      -0.408060514133630       -1.57122023996903     
   3.43750000000000      -0.376800996768172       -1.56697846373820     
   3.46875000000000      -0.347440423475266       -1.55813795192172     
   3.50000000000000      -0.321102098815260       -1.54365026595809     
   3.53125000000000      -0.301965061938092       -1.51839124466428     
   3.56250000000000      -0.315469535110376       -1.50460551605622     
   3.59375000000000      -0.320298791318531       -1.51226163869869     
   3.62500000000000      -0.319744833607248       -1.52741077889104     
   3.65625000000000      -0.314774373887022       -1.54916633888940     
   3.68750000000000      -0.304827353964758       -1.57896985641167     
   3.71875000000000      -0.285599506188128       -1.62453924944826     
   3.75000000000000      -0.222277949325034       -1.65986072941632     
   3.78125000000000      -0.165209814728065       -1.67005198745110     
   3.81250000000000      -0.111238211639562       -1.67210655040600     
   3.84375000000000      -5.913904358417727E-002  -1.66834626896612     
   3.87500000000000      -8.471435204363007E-003  -1.65975631167372     
   3.90625000000000       4.115567280356641E-002  -1.64702070954443     
   3.93750000000000       9.177261047458439E-002  -1.62870936945523     
   3.96875000000000       0.138966638944331       -1.60307291863841     
   4.00000000000000       0.182353741357057       -1.57207290128831     
   4.03125000000000       0.221337065878022       -1.53563754237497     
   4.06250000000000       0.254668870168466       -1.49329346290251     
   4.09375000000000       0.279804227535834       -1.44371720328027     
   4.12500000000000       0.284963325855539       -1.37935506137789     
   4.15625000000000       0.260100227117945       -1.35424398481056     
   4.18750000000000       0.251285820497516       -1.34184911156246     
   4.21875000000000       0.248672148555198       -1.33433598830295     
   4.25000000000000       0.250349992953328       -1.33024962737863     
   4.28125000000000       0.255795477944343       -1.32927775391742     
   4.31250000000000       0.265517922780470       -1.33202940524910     
   4.34375000000000       0.286592840673551       -1.34234758885055     
   4.37500000000000       0.320209104703163       -1.33392961645751     
   4.40625000000000       0.348089428881412       -1.31923893031776     
   4.43750000000000       0.373332360274538       -1.30143592715787     
   4.46875000000000       0.396540752902718       -1.28126193143725     
   4.50000000000000       0.417835689572628       -1.25898969867379     
   4.53125000000000       0.437062382718731       -1.23463682273272     
   4.56250000000000       0.453471857682626       -1.20767684133005     
   4.59375000000000       0.463639047407796       -1.18188484776054     
   4.62500000000000       0.473962549107662       -1.15815702210128     
   4.65625000000000       0.483551981238975       -1.13418423701169     
   4.68750000000000       0.491924083995454       -1.10961104788935     
   4.71875000000000       0.498622155836096       -1.08418215000623     
   4.75000000000000       0.502972679889883       -1.05756388702042     
   4.78125000000000       0.503544414710473       -1.02904687279530     
   4.81250000000000       0.490949906271475      -0.998701206909847     
   4.84375000000000       0.476335691046185      -0.988382524710582     
   4.87500000000000       0.468350972648530      -0.981792712212697     
   4.90625000000000       0.463866219011808      -0.977186612599050     
   4.93750000000000       0.462060219512816      -0.974111888233310     
   4.96875000000000       0.462703672662650      -0.972452406961575     
   5.00000000000000       0.465977018498941      -0.972331028218119     
   5.03125000000000       0.472782678930045      -0.974300955496732     
   5.06250000000000       0.490579094187527      -0.978811506255983     
   5.09375000000000       0.511534090286360      -0.967350571013004     
   5.12500000000000       0.527586658258971      -0.952699955464969     
   5.15625000000000       0.541134246428498      -0.936398910087919     
   5.18750000000000       0.552771252294947      -0.918883574786378     
   5.21875000000000       0.562679818744193      -0.900340191322015     
   5.25000000000000       0.570816809193696      -0.880830545116070     
   5.28125000000000       0.576864594428461      -0.860286365581473     
   5.31250000000000       0.579560415153650      -0.838219493992105     
   5.34375000000000       0.575453458826100      -0.821257139943919     
   5.37500000000000       0.574762105988599      -0.808304526441470     
   5.40625000000000       0.575270118228507      -0.795949207213347     
   5.43750000000000       0.576379298791399      -0.783906536210611     
   5.46875000000000       0.577836005839397      -0.772057263278155     
   5.50000000000000       0.579498193374099      -0.760337203152654     
   5.53125000000000       0.581270317438041      -0.748707033732217     
   5.56250000000000       0.583070175215495      -0.737139492993887     
   5.59375000000000       0.584744260141364      -0.725601978621269     
   5.62500000000000       0.586325252469849      -0.714627578989860     
   5.65625000000000       0.588241162518093      -0.703773067623089     
   5.68750000000000       0.590312870324520      -0.692971370065022     
   5.71875000000000       0.592515570519295      -0.682219507704319     
   5.75000000000000       0.594860247833154      -0.671524466590304     
   5.78125000000000       0.597392566763496      -0.660904608863027     
   5.81250000000000       0.600215296680985      -0.650398055130664     
   5.84375000000000       0.603564270356260      -0.640089770702145     
   5.87500000000000       0.608206710723957      -0.630254462056106     
   5.90625000000000       0.616711338442016      -0.616992304557206     
   5.93750000000000       0.621839920287224      -0.600105223197997     
   5.96875000000000       0.624958267357291      -0.582523146869669     
   6.00000000000000       0.626469888199356      -0.564447076177158     
   6.03125000000000       0.626453513999964      -0.545957583069566     
   6.06250000000000       0.624845028376768      -0.527088887749884     
   6.09375000000000       0.621450000600764      -0.507841550681272     
   6.12500000000000       0.615870328850931      -0.488171445619840     
   6.15625000000000       0.607215514998156      -0.467930595660600     
   6.18750000000000       0.591843505754703      -0.446367199228250     
   6.21875000000000       0.570107528955692      -0.440468488644204     
   6.25000000000000       0.556839548222999      -0.437730919960503     
   6.28125000000000       0.546598036970677      -0.435698029333888     
   6.31250000000000       0.538336250586474      -0.434127530143078     
   6.34375000000000       0.531595455322820      -0.432914666575615     
   6.37500000000000       0.526140990989429      -0.432007307782120     
   6.40625000000000       0.521863416752748      -0.431383071389621     
   6.43750000000000       0.518757641853486      -0.431044903034161     
   6.46875000000000       0.516970544250522      -0.431033399864823     
   6.50000000000000       0.517156715621499      -0.431515468956299     
   6.53125000000000       0.520881513099561      -0.428897014564929     
   6.56250000000000       0.522431432454296      -0.424109881960092     
   6.59375000000000       0.523298483955984      -0.419144591374005     
   6.62500000000000       0.523868023656317      -0.414100778382173     
   6.65625000000000       0.524298634366100      -0.409020253840053     
   6.68750000000000       0.524680508470412      -0.403927001574086     
   6.71875000000000       0.525078967715381      -0.398838227188112     
   6.75000000000000       0.525555631864103      -0.393769616226158     
   6.78125000000000       0.526189452296723      -0.388740242967576     
   6.81250000000000       0.527126009766229      -0.383783496392201     
   6.84375000000000       0.528970617220996      -0.379032582539974     
   6.87500000000000       0.531414055393566      -0.371912309257812     
   6.90625000000000       0.532604969158792      -0.364455272053945     
   6.93750000000000       0.533252631495162      -0.356883800110996     
   6.96875000000000       0.533484747033458      -0.349231626405519     
   7.00000000000000       0.533346911650924      -0.341514060542175     
   7.03125000000000       0.532848146115262      -0.333738664008969     
   7.06250000000000       0.531970530430566      -0.325908009169742     
   7.09375000000000       0.530665457983600      -0.318019824365733     
   7.12500000000000       0.528834208164153      -0.310064705766643     
   7.15625000000000       0.526263636987289      -0.302017473234110     
   7.18750000000000       0.522277493720752      -0.293788128067054     
   7.21875000000000       0.515691940020489      -0.288907379913340     
   7.25000000000000       0.511847033900561      -0.285982678258068     
   7.28125000000000       0.509122286137805      -0.283227865010774     
   7.31250000000000       0.507134385909521      -0.280584499041266     
   7.34375000000000       0.505735776950430      -0.278029275666129     
   7.37500000000000       0.504859554268846      -0.275550903197527     
   7.40625000000000       0.504480698141905      -0.273144251530194     
   7.43750000000000       0.504604112075428      -0.270808474848762     
   7.46875000000000       0.505264475474868      -0.268546846607896     
   7.50000000000000       0.506538644324483      -0.266368329827961     
   7.53125000000000       0.508592545441929      -0.264293809447371     
   7.56250000000000       0.511998834517000      -0.262398910140434     
   7.59375000000000       0.516879578965255      -0.258063316530960     
   7.62500000000000       0.520653596644568      -0.253166806754342     
   7.65625000000000       0.524386928215151      -0.248245399709446     
   7.68750000000000       0.528376242207428      -0.243337323100139     
   7.71875000000000       0.532856805741532      -0.238469994991348     
   7.75000000000000       0.538097111136907      -0.233672333915839     
   7.78125000000000       0.544466665651206      -0.228982401971556     
   7.81250000000000       0.552541595686395      -0.224458400982710     
   7.84375000000000       0.563332247629502      -0.220201972123477     
   7.87500000000000       0.578896858458516      -0.216421232845480     
   7.90625000000000       0.604581354076568      -0.213663167069128     
   7.93750000000000       0.664651777753829      -0.214462201846144     
   7.96875000000000       0.679533139921413       1.858325705947870E-018
   8.00000000000000       0.592976552112598      -7.419453781171894E-018
   8.03125000000000       0.552245852386336      -8.925897964446886E-019
   8.06250000000000       0.524448869525977       6.930422605407715E-018
   8.09375000000000       0.502955060007032       3.084642074926736E-018
   8.12500000000000       0.485239425505177      -2.792521288698326E-018
   8.15625000000000       0.470061690218833       9.851515697107446E-018
   8.18750000000000       0.456717501393455       1.211764096333131E-018
   8.21875000000000       0.444766917503011       2.367864632929624E-018
   8.25000000000000       0.433915917407541      -2.123329260171485E-019
   8.28125000000000       0.423957779978941      -2.882847293122329E-018
   8.31250000000000       0.414741308628838       5.921012621966132E-018
   8.34375000000000       0.406152360810974       2.586397314672921E-018
   8.37500000000000       0.398102500968938       8.098433914638614E-018
   8.40625000000000       0.390521709092765      -1.012119856510724E-017
   8.43750000000000       0.383353517375134       5.824321933026560E-018
   8.46875000000000       0.376551662623961      -3.705052720574433E-018
   8.50000000000000       0.370077719161678      -3.955678728859673E-018
   8.53125000000000       0.363899385565299      -1.680472347845378E-018
   8.56250000000000       0.357989219066784      -3.379235061230365E-018
   8.59375000000000       0.352323683733546      -7.903965900899756E-019
   8.62500000000000       0.346882423095682       7.968075013537630E-019
   8.65625000000000       0.341647696211076       4.096200902237711E-018
   8.68750000000000       0.336603934895174       6.570228743889639E-019
   8.71875000000000       0.331737391934966      -3.184731717239797E-018
   8.75000000000000       0.327035858596064       9.547357544518386E-020
   8.78125000000000       0.322488435645031      -1.521685418488373E-018
   8.81250000000000       0.318085346003009       2.937070018151810E-018
   8.84375000000000       0.313817780292041       1.087319645166870E-019
   8.87500000000000       0.309677768427794      -2.448487083223368E-019
   8.90625000000000       0.305658072243051      -1.521954590806895E-018
   8.93750000000000       0.301752094989899       4.257510892586080E-018
   8.96875000000000       0.297953804709121      -6.141082616994991E-019
   9.00000000000000       0.294257668882187      -7.394632392978323E-019
   9.03125000000000       0.290658598476570      -3.611259806031521E-018
   9.06250000000000       0.287151899773524       2.558279075800778E-018
   9.09375000000000       0.283733232690791       1.236031831659199E-018
   9.12500000000000       0.280398574561093      -2.728979116201403E-018
   9.15625000000000       0.277144188570417       3.362217051986692E-019
   9.18750000000000       0.273966596082356      -8.628958334696162E-020
   9.21875000000000       0.270862552318409      -1.053769063128718E-018
   9.25000000000000       0.267829024925783      -1.983074309776181E-018
   9.28125000000000       0.264863174962001      -1.729197752993283E-018
   9.31250000000000       0.261962340058185      -4.162234807364333E-018
   9.34375000000000       0.259124019400052       1.668361051940331E-018
   9.37500000000000       0.256345860307865       1.255687874455124E-018
   9.40625000000000       0.253625646249295       3.056642020104645E-019
   9.43750000000000       0.250961286033952      -1.762493848745652E-018
   9.46875000000000       0.248350804120238       5.288015420493896E-019
   9.50000000000000       0.245792331841841      -3.804795418391530E-018
   9.53125000000000       0.243284099499954       3.451886163916604E-019
   9.56250000000000       0.240824429190709      -7.984685248918275E-019
   9.59375000000000       0.238411728244412       4.754360755736763E-018
   9.62500000000000       0.236044483335725       2.396703881087582E-018
   9.65625000000000       0.233721255042659      -3.903558429965740E-018
   9.68750000000000       0.231440672917920      -4.541629432103699E-019
   9.71875000000000       0.229201430940885      -1.494834558808826E-018
   9.75000000000000       0.227002283402009      -1.857032781152580E-018
   9.78125000000000       0.224842041057327       2.160351308349364E-019
   9.81250000000000       0.222719567654931       1.293486249161117E-018
   9.84375000000000       0.220633776673149       1.960056068176367E-018
   9.87500000000000       0.218583628363413      -2.022900008483648E-018
   9.90625000000000       0.216568127012587      -2.053214223149610E-018
   9.93750000000000       0.214586318359616       2.997534454734140E-018
   9.96875000000000       0.212637287254401       3.812251305396878E-018
   10.0000000000000       0.210720155475609       3.084075466251545E-018
   11.0000000000000       0.191563777705099       0.000000000000000E+000
   12.0000000000000       0.175600129563007       0.000000000000000E+000
   13.0000000000000       0.162092427288930       0.000000000000000E+000
   14.0000000000000       0.150514396768292       0.000000000000000E+000
   15.0000000000000       0.140480103650406       0.000000000000000E+000
   16.0000000000000       0.131700097172256       0.000000000000000E+000
   17.0000000000000       0.123953032632711       0.000000000000000E+000
   18.0000000000000       0.117066753042005       0.000000000000000E+000
   19.0000000000000       0.110905344987163       0.000000000000000E+000
   20.0000000000000       0.105360077737804       0.000000000000000E+000
   21.0000000000000       0.100342931178861       0.000000000000000E+000
   22.0000000000000       9.578188885254954E-002  0.000000000000000E+000
   23.0000000000000       9.161745890243869E-002  0.000000000000000E+000
   24.0000000000000       8.780006478150375E-002  0.000000000000000E+000
   25.0000000000000       8.428806219024360E-002  0.000000000000000E+000
   26.0000000000000       8.104621364446499E-002  0.000000000000000E+000
   27.0000000000000       7.804450202800332E-002  0.000000000000000E+000
   28.0000000000000       7.525719838414606E-002  0.000000000000000E+000
   29.0000000000000       7.266212257779620E-002  0.000000000000000E+000
   30.0000000000000       7.024005182520300E-002  0.000000000000000E+000
   31.0000000000000       6.797424370180935E-002  0.000000000000000E+000
   32.0000000000000       6.585004858612781E-002  0.000000000000000E+000
   33.0000000000000       6.385459256836636E-002  0.000000000000000E+000
   34.0000000000000       6.197651631635558E-002  0.000000000000000E+000
   35.0000000000000       6.020575870731685E-002  0.000000000000000E+000
   36.0000000000000       5.853337652100250E-002  0.000000000000000E+000
   37.0000000000000       5.695139337178621E-002  0.000000000000000E+000
   38.0000000000000       5.545267249358131E-002  0.000000000000000E+000
   39.0000000000000       5.403080909630999E-002  0.000000000000000E+000
   40.0000000000000       5.268003886890225E-002  0.000000000000000E+000
   41.0000000000000       5.139515987209975E-002  0.000000000000000E+000
   42.0000000000000       5.017146558943071E-002  0.000000000000000E+000
   43.0000000000000       4.900468731990906E-002  0.000000000000000E+000
   44.0000000000000       4.789094442627477E-002  0.000000000000000E+000
   45.0000000000000       4.682670121680200E-002  0.000000000000000E+000
   46.0000000000000       4.580872945121935E-002  0.000000000000000E+000
   47.0000000000000       4.483407563310830E-002  0.000000000000000E+000
   48.0000000000000       4.390003239075187E-002  0.000000000000000E+000
   49.0000000000000       4.300411336236918E-002  0.000000000000000E+000
   50.0000000000000       4.214403109512180E-002  0.000000000000000E+000
   51.0000000000000       4.131767754423706E-002  0.000000000000000E+000
   52.0000000000000       4.052310682223249E-002  0.000000000000000E+000
   53.0000000000000       3.975851990105830E-002  0.000000000000000E+000
   54.0000000000000       3.902225101400166E-002  0.000000000000000E+000
   55.0000000000000       3.831275554101982E-002  0.000000000000000E+000
   56.0000000000000       3.762859919207303E-002  0.000000000000000E+000
   57.0000000000000       3.696844832905421E-002  0.000000000000000E+000
   58.0000000000000       3.633106128889810E-002  0.000000000000000E+000
   59.0000000000000       3.571528058908627E-002  0.000000000000000E+000
   60.0000000000000       3.512002591260150E-002  0.000000000000000E+000
   61.0000000000000       3.454428778288672E-002  0.000000000000000E+000
   62.0000000000000       3.398712185090468E-002  0.000000000000000E+000
   63.0000000000000       3.344764372628714E-002  0.000000000000000E+000
   64.0000000000000       3.292502429306390E-002  0.000000000000000E+000
   65.0000000000000       3.241848545778600E-002  0.000000000000000E+000
   66.0000000000000       3.192729628418318E-002  0.000000000000000E+000
   67.0000000000000       3.145076947397149E-002  0.000000000000000E+000
   68.0000000000000       3.098825815817779E-002  0.000000000000000E+000
   69.0000000000000       3.053915296747956E-002  0.000000000000000E+000
   70.0000000000000       3.010287935365842E-002  0.000000000000000E+000
   71.0000000000000       2.967889513740972E-002  0.000000000000000E+000
   72.0000000000000       2.926668826050125E-002  0.000000000000000E+000
   73.0000000000000       2.886577472268616E-002  0.000000000000000E+000
   74.0000000000000       2.847569668589310E-002  0.000000000000000E+000
   75.0000000000000       2.809602073008120E-002  0.000000000000000E+000
   76.0000000000000       2.772633624679065E-002  0.000000000000000E+000
   77.0000000000000       2.736625395787130E-002  0.000000000000000E+000
   78.0000000000000       2.701540454815500E-002  0.000000000000000E+000
   79.0000000000000       2.667343740197582E-002  0.000000000000000E+000
   80.0000000000000       2.634001943445112E-002  0.000000000000000E+000
   81.0000000000000       2.601483400933444E-002  0.000000000000000E+000
   82.0000000000000       2.569757993604987E-002  0.000000000000000E+000
   83.0000000000000       2.538797053923000E-002  0.000000000000000E+000
   84.0000000000000       2.508573279471536E-002  0.000000000000000E+000
   85.0000000000000       2.479060652654223E-002  0.000000000000000E+000
   86.0000000000000       2.450234365995453E-002  0.000000000000000E+000
   87.0000000000000       2.422070752593207E-002  0.000000000000000E+000
   88.0000000000000       2.394547221313739E-002  0.000000000000000E+000
   89.0000000000000       2.367642196355157E-002  0.000000000000000E+000
   90.0000000000000       2.341335060840100E-002  0.000000000000000E+000
   91.0000000000000       2.315606104127571E-002  0.000000000000000E+000
   92.0000000000000       2.290436472560967E-002  0.000000000000000E+000
   93.0000000000000       2.265808123393645E-002  0.000000000000000E+000
   94.0000000000000       2.241703781655415E-002  0.000000000000000E+000
   95.0000000000000       2.218106899743252E-002  0.000000000000000E+000
   96.0000000000000       2.195001619537594E-002  0.000000000000000E+000
   97.0000000000000       2.172372736861948E-002  0.000000000000000E+000
   98.0000000000000       2.150205668118459E-002  0.000000000000000E+000
   99.0000000000000       2.128486418945545E-002  0.000000000000000E+000
   100.000000000000       2.107201554756090E-002  0.000000000000000E+000
   101.000000000000       2.086338173025832E-002  0.000000000000000E+000
   102.000000000000       2.065883877211853E-002  0.000000000000000E+000
   103.000000000000       2.045826752190379E-002  0.000000000000000E+000
   104.000000000000       2.026155341111625E-002  0.000000000000000E+000
   105.000000000000       2.006858623577228E-002  0.000000000000000E+000
   106.000000000000       1.987925995052915E-002  0.000000000000000E+000
   107.000000000000       1.969347247435598E-002  0.000000000000000E+000
   108.000000000000       1.951112550700083E-002  0.000000000000000E+000
   109.000000000000       1.933212435556046E-002  0.000000000000000E+000
   110.000000000000       1.915637777050991E-002  0.000000000000000E+000
   111.000000000000       1.898379779059541E-002  0.000000000000000E+000
   112.000000000000       1.881429959603651E-002  0.000000000000000E+000
   113.000000000000       1.864780136952292E-002  0.000000000000000E+000
   114.000000000000       1.848422416452710E-002  0.000000000000000E+000
   115.000000000000       1.832349178048774E-002  0.000000000000000E+000
   116.000000000000       1.816553064444905E-002  0.000000000000000E+000
   117.000000000000       1.801026969877000E-002  0.000000000000000E+000
   118.000000000000       1.785764029454313E-002  0.000000000000000E+000
   119.000000000000       1.770757609038731E-002  0.000000000000000E+000
   120.000000000000       1.756001295630075E-002  0.000000000000000E+000
   121.000000000000       1.741488888228173E-002  0.000000000000000E+000
   122.000000000000       1.727214389144336E-002  0.000000000000000E+000
   123.000000000000       1.713171995736659E-002  0.000000000000000E+000
   124.000000000000       1.699356092545234E-002  0.000000000000000E+000
   125.000000000000       1.685761243804872E-002  0.000000000000000E+000
   126.000000000000       1.672382186314357E-002  0.000000000000000E+000
   127.000000000000       1.659213822642591E-002  0.000000000000000E+000
   128.000000000000       1.646251214653195E-002  0.000000000000000E+000
   129.000000000000       1.633489577330302E-002  0.000000000000000E+000
   130.000000000000       1.620924272889300E-002  0.000000000000000E+000
   131.000000000000       1.608550805157321E-002  0.000000000000000E+000
   132.000000000000       1.596364814209159E-002  0.000000000000000E+000
   133.000000000000       1.584362071245180E-002  0.000000000000000E+000
   134.000000000000       1.572538473698575E-002  0.000000000000000E+000
   135.000000000000       1.560890040560067E-002  0.000000000000000E+000
   136.000000000000       1.549412907908890E-002  0.000000000000000E+000
   137.000000000000       1.538103324639482E-002  0.000000000000000E+000
   138.000000000000       1.526957648373978E-002  0.000000000000000E+000
   139.000000000000       1.515972341551144E-002  0.000000000000000E+000
   140.000000000000       1.505143967682921E-002  0.000000000000000E+000
   141.000000000000       1.494469187770276E-002  0.000000000000000E+000
   142.000000000000       1.483944756870486E-002  0.000000000000000E+000
   143.000000000000       1.473567520808454E-002  0.000000000000000E+000
   144.000000000000       1.463334413025062E-002  0.000000000000000E+000
   145.000000000000       1.453242451555924E-002  0.000000000000000E+000
   146.000000000000       1.443288736134308E-002  0.000000000000000E+000
   147.000000000000       1.433470445412306E-002  0.000000000000000E+000
   148.000000000000       1.423784834294655E-002  0.000000000000000E+000
   149.000000000000       1.414229231379926E-002  0.000000000000000E+000
   150.000000000000       1.404801036504060E-002  0.000000000000000E+000
   151.000000000000       1.395497718381516E-002  0.000000000000000E+000
   152.000000000000       1.386316812339533E-002  0.000000000000000E+000
   153.000000000000       1.377255918141235E-002  0.000000000000000E+000
   154.000000000000       1.368312697893565E-002  0.000000000000000E+000
   155.000000000000       1.359484874036187E-002  0.000000000000000E+000
   156.000000000000       1.350770227407750E-002  0.000000000000000E+000
   157.000000000000       1.342166595386044E-002  0.000000000000000E+000
   158.000000000000       1.333671870098791E-002  0.000000000000000E+000
   159.000000000000       1.325283996701943E-002  0.000000000000000E+000
   160.000000000000       1.317000971722556E-002  0.000000000000000E+000
   161.000000000000       1.308820841463410E-002  0.000000000000000E+000
   162.000000000000       1.300741700466722E-002  0.000000000000000E+000
   163.000000000000       1.292761690034411E-002  0.000000000000000E+000
   164.000000000000       1.284878996802494E-002  0.000000000000000E+000
   165.000000000000       1.277091851367327E-002  0.000000000000000E+000
   166.000000000000       1.269398526961500E-002  0.000000000000000E+000
   167.000000000000       1.261797338177299E-002  0.000000000000000E+000
   168.000000000000       1.254286639735768E-002  0.000000000000000E+000
   169.000000000000       1.246864825299461E-002  0.000000000000000E+000
   170.000000000000       1.239530326327112E-002  0.000000000000000E+000
   171.000000000000       1.232281610968474E-002  0.000000000000000E+000
   172.000000000000       1.225117182997727E-002  0.000000000000000E+000
   173.000000000000       1.218035580783867E-002  0.000000000000000E+000
   174.000000000000       1.211035376296603E-002  0.000000000000000E+000
   175.000000000000       1.204115174146337E-002  0.000000000000000E+000
   176.000000000000       1.197273610656869E-002  0.000000000000000E+000
   177.000000000000       1.190509352969542E-002  0.000000000000000E+000
   178.000000000000       1.183821098177579E-002  0.000000000000000E+000
   179.000000000000       1.177207572489436E-002  0.000000000000000E+000
   180.000000000000       1.170667530420050E-002  0.000000000000000E+000
   181.000000000000       1.164199754008889E-002  0.000000000000000E+000
   182.000000000000       1.157803052063786E-002  0.000000000000000E+000
   183.000000000000       1.151476259429557E-002  0.000000000000000E+000
   184.000000000000       1.145218236280484E-002  0.000000000000000E+000
   185.000000000000       1.139027867435724E-002  0.000000000000000E+000
   186.000000000000       1.132904061696823E-002  0.000000000000000E+000
   187.000000000000       1.126845751206465E-002  0.000000000000000E+000
   188.000000000000       1.120851890827707E-002  0.000000000000000E+000
   189.000000000000       1.114921457542905E-002  0.000000000000000E+000
   190.000000000000       1.109053449871626E-002  0.000000000000000E+000
   191.000000000000       1.103246887306853E-002  0.000000000000000E+000
   192.000000000000       1.097500809768797E-002  0.000000000000000E+000
   193.000000000000       1.091814277075694E-002  0.000000000000000E+000
   194.000000000000       1.086186368430974E-002  0.000000000000000E+000
   195.000000000000       1.080616181926200E-002  0.000000000000000E+000
   196.000000000000       1.075102834059229E-002  0.000000000000000E+000
   197.000000000000       1.069645459267051E-002  0.000000000000000E+000
   198.000000000000       1.064243209472773E-002  0.000000000000000E+000
   199.000000000000       1.058895253646276E-002  0.000000000000000E+000
   200.000000000000       1.053600777378045E-002  0.000000000000000E+000
   201.000000000000       1.048358982465716E-002  0.000000000000000E+000
   202.000000000000       1.043169086512916E-002  0.000000000000000E+000
   203.000000000000       1.038030322539946E-002  0.000000000000000E+000
   204.000000000000       1.032941938605926E-002  0.000000000000000E+000
   205.000000000000       1.027903197441995E-002  0.000000000000000E+000
   206.000000000000       1.022913376095189E-002  0.000000000000000E+000
   207.000000000000       1.017971765582652E-002  0.000000000000000E+000
   208.000000000000       1.013077670555812E-002  0.000000000000000E+000
   209.000000000000       1.008230408974206E-002  0.000000000000000E+000
   210.000000000000       1.003429311788614E-002  0.000000000000000E+000
   211.000000000000       9.986737226332179E-003  0.000000000000000E+000
   212.000000000000       9.939629975264574E-003  0.000000000000000E+000
   213.000000000000       9.892965045803238E-003  0.000000000000000E+000
   214.000000000000       9.846736237177989E-003  0.000000000000000E+000
   215.000000000000       9.800937463981814E-003  0.000000000000000E+000
   216.000000000000       9.755562753500415E-003  0.000000000000000E+000
   217.000000000000       9.710606243115621E-003  0.000000000000000E+000
   218.000000000000       9.666062177780229E-003  0.000000000000000E+000
   219.000000000000       9.621924907562054E-003  0.000000000000000E+000
   220.000000000000       9.578188885254954E-003  0.000000000000000E+000
   221.000000000000       9.534848664054706E-003  0.000000000000000E+000
   222.000000000000       9.491898895297703E-003  0.000000000000000E+000
   223.000000000000       9.449334326260493E-003  0.000000000000000E+000
   224.000000000000       9.407149798018257E-003  0.000000000000000E+000
   225.000000000000       9.365340243360399E-003  0.000000000000000E+000
   226.000000000000       9.323900684761459E-003  0.000000000000000E+000
   227.000000000000       9.282826232405682E-003  0.000000000000000E+000
   228.000000000000       9.242112082263552E-003  0.000000000000000E+000
   229.000000000000       9.201753514218734E-003  0.000000000000000E+000
   230.000000000000       9.161745890243869E-003  0.000000000000000E+000
   231.000000000000       9.122084652623765E-003  0.000000000000000E+000
   232.000000000000       9.082765322224524E-003  0.000000000000000E+000
   233.000000000000       9.043783496807253E-003  0.000000000000000E+000
   234.000000000000       9.005134849385000E-003  0.000000000000000E+000
   235.000000000000       8.966815126621659E-003  0.000000000000000E+000
   236.000000000000       8.928820147271567E-003  0.000000000000000E+000
   237.000000000000       8.891145800658607E-003  0.000000000000000E+000
   238.000000000000       8.853788045193654E-003  0.000000000000000E+000
   239.000000000000       8.816742906929246E-003  0.000000000000000E+000
   240.000000000000       8.780006478150375E-003  0.000000000000000E+000
   241.000000000000       8.743574916000373E-003  0.000000000000000E+000
   242.000000000000       8.707444441140867E-003  0.000000000000000E+000
   243.000000000000       8.671611336444814E-003  0.000000000000000E+000
   244.000000000000       8.636071945721680E-003  0.000000000000000E+000
   245.000000000000       8.600822672473836E-003  0.000000000000000E+000
   246.000000000000       8.565859978683293E-003  0.000000000000000E+000
   247.000000000000       8.531180383627894E-003  0.000000000000000E+000
   248.000000000000       8.496780462726169E-003  0.000000000000000E+000
   249.000000000000       8.462656846410000E-003  0.000000000000000E+000
   250.000000000000       8.428806219024360E-003  0.000000000000000E+000
   251.000000000000       8.395225317753345E-003  0.000000000000000E+000
   252.000000000000       8.361910931571785E-003  0.000000000000000E+000
   253.000000000000       8.328859900221698E-003  0.000000000000000E+000
   254.000000000000       8.296069113212953E-003  0.000000000000000E+000
   255.000000000000       8.263535508847411E-003  0.000000000000000E+000
   256.000000000000       8.231256073265976E-003  0.000000000000000E+000
   257.000000000000       8.199227839517860E-003  0.000000000000000E+000
   258.000000000000       8.167447886651510E-003  0.000000000000000E+000
   259.000000000000       8.135913338826602E-003  0.000000000000000E+000
   260.000000000000       8.104621364446500E-003  0.000000000000000E+000
   261.000000000000       8.073569175310689E-003  0.000000000000000E+000
   262.000000000000       8.042754025786603E-003  0.000000000000000E+000
   263.000000000000       8.012173212000342E-003  0.000000000000000E+000
   264.000000000000       7.981824071045794E-003  0.000000000000000E+000
   265.000000000000       7.951703980211659E-003  0.000000000000000E+000
   266.000000000000       7.921810356225901E-003  0.000000000000000E+000
   267.000000000000       7.892140654517191E-003  0.000000000000000E+000
   268.000000000000       7.862692368492873E-003  0.000000000000000E+000
   269.000000000000       7.833463028833048E-003  0.000000000000000E+000
   270.000000000000       7.804450202800333E-003  0.000000000000000E+000
   271.000000000000       7.775651493564907E-003  0.000000000000000E+000
   272.000000000000       7.747064539544448E-003  0.000000000000000E+000
   273.000000000000       7.718687013758571E-003  0.000000000000000E+000
   274.000000000000       7.690516623197408E-003  0.000000000000000E+000
   275.000000000000       7.662551108203963E-003  0.000000000000000E+000
   276.000000000000       7.634788241869890E-003  0.000000000000000E+000
   277.000000000000       7.607225829444368E-003  0.000000000000000E+000
   278.000000000000       7.579861707755719E-003  0.000000000000000E+000
   279.000000000000       7.552693744645483E-003  0.000000000000000E+000
   280.000000000000       7.525719838414606E-003  0.000000000000000E+000
   281.000000000000       7.498937917281459E-003  0.000000000000000E+000
   282.000000000000       7.472345938851382E-003  0.000000000000000E+000
   283.000000000000       7.445941889597490E-003  0.000000000000000E+000
   284.000000000000       7.419723784352429E-003  0.000000000000000E+000
   285.000000000000       7.393689665810842E-003  0.000000000000000E+000
   286.000000000000       7.367837604042272E-003  0.000000000000000E+000
   287.000000000000       7.342165696014250E-003  0.000000000000000E+000
   288.000000000000       7.316672065125312E-003  0.000000000000000E+000
   289.000000000000       7.291354860747716E-003  0.000000000000000E+000
   290.000000000000       7.266212257779620E-003  0.000000000000000E+000
   291.000000000000       7.241242456206495E-003  0.000000000000000E+000
   292.000000000000       7.216443680671540E-003  0.000000000000000E+000
   293.000000000000       7.191814180054914E-003  0.000000000000000E+000
   294.000000000000       7.167352227061530E-003  0.000000000000000E+000
   295.000000000000       7.143056117817253E-003  0.000000000000000E+000
   296.000000000000       7.118924171473276E-003  0.000000000000000E+000
   297.000000000000       7.094954729818484E-003  0.000000000000000E+000
   298.000000000000       7.071146156899630E-003  0.000000000000000E+000
   299.000000000000       7.047496838649130E-003  0.000000000000000E+000
   300.000000000000       7.024005182520299E-003  0.000000000000000E+000
   301.000000000000       7.000669617129866E-003  0.000000000000000E+000
   302.000000000000       6.977488591907582E-003  0.000000000000000E+000
   303.000000000000       6.954460576752771E-003  0.000000000000000E+000
   304.000000000000       6.931584061697664E-003  0.000000000000000E+000
   305.000000000000       6.908857556577344E-003  0.000000000000000E+000
   306.000000000000       6.886279590706176E-003  0.000000000000000E+000
   307.000000000000       6.863848712560554E-003  0.000000000000000E+000
   308.000000000000       6.841563489467824E-003  0.000000000000000E+000
   309.000000000000       6.819422507301261E-003  0.000000000000000E+000
   310.000000000000       6.797424370180935E-003  0.000000000000000E+000
