  0.000000000000000E+000 -0.136568236427629      -3.677015933960422E-007
  7.812500000000000E-003 -0.136725618486646      -1.031927891145858E-003
  1.562500000000000E-002 -0.137318598434568      -2.579620857322702E-003
  2.343750000000000E-002 -0.137224718037088      -5.052867990228844E-003
  3.125000000000000E-002 -0.136286712057075      -6.848093592646170E-003
  3.906250000000000E-002 -0.134656958507244      -8.248762352684864E-003
  4.687500000000000E-002 -0.134433735406509      -7.680796598402234E-003
  5.468750000000000E-002 -0.135039701180419      -8.978708345676704E-003
  6.250000000000000E-002 -0.134877825748630      -1.058419914940906E-002
  7.031250000000000E-002 -0.135276225717225      -1.239875179921195E-002
  7.812500000000000E-002 -0.134855314032879      -1.731917950610642E-002
  8.593750000000000E-002 -0.126040900136030      -1.773791540767114E-002
  9.375000000000000E-002 -0.123872516296378      -1.325015695747807E-002
  0.101562500000000      -0.124246014454140      -8.074024735749349E-003
  0.109375000000000      -0.130458091752624      -3.198254871344501E-003
  0.117187500000000      -0.137680495020317      -8.574531189374200E-003
  0.125000000000000      -0.140087632016221      -1.717292880308934E-002
  0.132812500000000      -0.133985824792512      -1.993790854743286E-002
  0.140625000000000      -0.131725697648245      -2.148026106359395E-002
  0.148437500000000      -0.129558645201217      -1.960798486966787E-002
  0.156250000000000      -0.130810929296219      -1.947719790810997E-002
  0.164062500000000      -0.130216827619475      -2.103263207047474E-002
  0.171875000000000      -0.130139850190374      -2.145477880395753E-002
  0.179687500000000      -0.131603784909412      -2.099020902184629E-002
  0.187500000000000      -0.134252846777834      -2.577767910400879E-002
  0.195312500000000      -0.130872768431647      -3.419349391383206E-002
  0.203125000000000      -0.123175121428005      -3.139350381429085E-002
  0.210937500000000      -0.123182133680388      -2.992279092226394E-002
  0.218750000000000      -0.120186107910698      -3.431048064959844E-002
  0.226562500000000      -0.114783735195388      -3.332468754047406E-002
  0.234375000000000      -0.109448179463414      -3.118257038087181E-002
  0.242187500000000      -0.105882487987441      -2.789250244189023E-002
  0.250000000000000      -9.897250476575846E-002 -2.317561078483589E-002
  0.257812500000000      -9.366518170869878E-002 -9.397580571114084E-003
  0.265625000000000      -0.100085906696376       6.333115573881242E-003
  0.273437500000000      -0.114872969410147       1.525309448062385E-002
  0.281250000000000      -0.129338155162059       1.310053631511583E-002
  0.289062500000000      -0.137256350429167       9.189397693192705E-003
  0.296875000000000      -0.143262149251203       5.383595342901944E-003
  0.304687500000000      -0.148809994951885       2.172648480734330E-003
  0.312500000000000      -0.153486802312162      -3.185066329074644E-003
  0.320312500000000      -0.156482431824336      -7.379529297157190E-003
  0.328125000000000      -0.159355654918396      -1.068270305396535E-002
  0.335937500000000      -0.164045185983236      -1.376490575594324E-002
  0.343750000000000      -0.169679253819000      -1.873889050904751E-002
  0.351562500000000      -0.176511160423368      -2.727464993887709E-002
  0.359375000000000      -0.175494491635012      -4.549576430584606E-002
  0.367187500000000      -0.166403720572182      -5.173362982725377E-002
  0.375000000000000      -0.160033145434550      -5.490309501871088E-002
  0.382812500000000      -0.154021298283167      -5.647776865444485E-002
  0.390625000000000      -0.150529184699191      -5.452160877101055E-002
  0.398437500000000      -0.149330263948788      -5.444057220467317E-002
  0.406250000000000      -0.148162388386990      -5.503087563017383E-002
  0.414062500000000      -0.146519737979793      -5.594433520740633E-002
  0.421875000000000      -0.144430043825771      -5.474748006624357E-002
  0.429687500000000      -0.144321884788393      -5.334287500648675E-002
  0.437500000000000      -0.145153901065418      -5.235560939495315E-002
  0.445312500000000      -0.146716550069341      -5.188059817541486E-002
  0.453125000000000      -0.147900795519055      -5.202133152341209E-002
  0.460937500000000      -0.149396185742802      -5.129662980075922E-002
  0.468750000000000      -0.152360629779552      -4.983932443739216E-002
  0.476562500000000      -0.158838179084656      -4.864754393634727E-002
  0.484375000000000      -0.165842969062478      -5.287050690947288E-002
  0.492187500000000      -0.172055513642307      -5.774524093949497E-002
  0.500000000000000      -0.179185526773693      -6.501983678657698E-002
  0.507812500000000      -0.186930417018869      -7.831302612495362E-002
  0.515625000000000      -0.180173310654653      -0.100005029033502     
  0.523437500000000      -0.167548252679615      -0.108688408333764     
  0.531250000000000      -0.155684807046429      -0.112590096109743     
  0.539062500000000      -0.144108398357494      -0.112861627886924     
  0.546875000000000      -0.131720289972957      -0.107734610062928     
  0.554687500000000      -0.128723375229605      -9.674157794400852E-002
  0.562500000000000      -0.130521912185326      -8.840071695415722E-002
  0.570312500000000      -0.135989845951139      -8.204451533381042E-002
  0.578125000000000      -0.145180449428143      -7.884809422461991E-002
  0.585937500000000      -0.156543880716309      -8.413524041299143E-002
  0.593750000000000      -0.159973971682239      -9.152863498912796E-002
  0.601562500000000      -0.162361389995965      -9.767160795688677E-002
  0.609375000000000      -0.164430341021212      -0.103933088648912     
  0.617187500000000      -0.166218045923609      -0.111264855323240     
  0.625000000000000      -0.165047982773414      -0.121789086415563     
  0.632812500000000      -0.159779166334269      -0.127589874532084     
  0.640625000000000      -0.155638228767382      -0.131302585178510     
  0.648437500000000      -0.152177870236744      -0.133887764164239     
  0.656250000000000      -0.149396289139818      -0.135329596374685     
  0.664062500000000      -0.148216135775799      -0.134445763105200     
  0.671875000000000      -0.152501421528237      -0.136906562457896     
  0.679687500000000      -0.155177864921541      -0.142145856867765     
  0.687500000000000      -0.157265361915383      -0.148864688440509     
  0.695312500000000      -0.158694952781023      -0.157253467270852     
  0.703125000000000      -0.158763166317430      -0.167899869932156     
  0.710937500000000      -0.153706310272532      -0.179607681043587     
  0.718750000000000      -0.148090853484232      -0.187911880676723     
  0.726562500000000      -0.142333138720365      -0.196245270795429     
  0.734375000000000      -0.135612436746265      -0.204861219655028     
  0.742187500000000      -0.127179143832253      -0.213750359206058     
  0.750000000000000      -0.115438444629767      -0.222674959171391     
  0.757812500000000      -9.922137803829630E-002 -0.224054497931703     
  0.765625000000000      -8.942924026663758E-002 -0.222552809585784     
  0.773437500000000      -8.156965993330567E-002 -0.221892675127213     
  0.781250000000000      -7.432058254648564E-002 -0.222010166335019     
  0.789062500000000      -6.672481428901123E-002 -0.222692374080744     
  0.796875000000000      -5.741442029262629E-002 -0.223141789053181     
  0.804687500000000      -4.808977706201410E-002 -0.216885821723410     
  0.812500000000000      -4.622528182081276E-002 -0.212778553515391     
  0.820312500000000      -4.543995768892585E-002 -0.212165504028240     
  0.828125000000000      -4.450500136406268E-002 -0.214647441471507     
  0.835937500000000      -4.210884200957286E-002 -0.220343435225933     
  0.843750000000000      -3.604201970478790E-002 -0.229252142549558     
  0.851562500000000      -1.990208753612389E-002 -0.239466502151936     
  0.859375000000000      -2.072144979012671E-003 -0.235499178266287     
  0.867187500000000       1.063005105153416E-002 -0.229516814227246     
  0.875000000000000       2.091464996275647E-002 -0.222826755782714     
  0.882812500000000       2.953853186376640E-002 -0.215704971197119     
  0.890625000000000       3.679261910084890E-002 -0.208220010144875     
  0.898437500000000       4.268314530313670E-002 -0.200332451736574     
  0.906250000000000       4.618803440790929E-002 -0.192390288031007     
  0.914062500000000       4.881754405219713E-002 -0.186278428926035     
  0.921875000000000       5.119715439188435E-002 -0.180896563292885     
  0.929687500000000       5.334521041966275E-002 -0.176147463120900     
  0.937500000000000       5.535360121361520E-002 -0.172004455896443     
  0.945312500000000       5.732333581497196E-002 -0.168482420594731     
  0.953125000000000       5.936090194329863E-002 -0.165697103665054     
  0.960937500000000       6.232476081508288E-002 -0.164375464984582     
  0.968750000000000       6.717705745952447E-002 -0.162048113187414     
  0.976562500000000       7.230867513766569E-002 -0.158832166314622     
  0.984375000000000       7.766077618179824E-002 -0.154892086349579     
  0.992187500000000       8.320321405279714E-002 -0.150160897160001     
   1.00000000000000       8.888827998577044E-002 -0.144423034270331     
   1.00781250000000       9.455664254991397E-002 -0.137221094091970     
   1.01562500000000       9.952664705243780E-002 -0.127263630043753     
   1.02343750000000       9.879304269277617E-002 -0.117409148618595     
   1.03125000000000       9.819130123243126E-002 -0.110414562181169     
   1.03906250000000       9.785093245639370E-002 -0.104252409833981     
   1.04687500000000       9.772659482108738E-002 -9.848683598168093E-002
   1.05468750000000       9.779409476488123E-002 -9.286836155684951E-002
   1.06250000000000       9.804298915294163E-002 -8.718889035961364E-002
   1.07031250000000       9.849607205420902E-002 -8.118025715229912E-002
   1.07812500000000       9.911455071656564E-002 -7.364438826060947E-002
   1.08593750000000       9.693464422674250E-002 -6.600825401253080E-002
   1.09375000000000       9.426527787617135E-002 -5.933105435110063E-002
   1.10156250000000       9.112820989419877E-002 -5.308635798332977E-002
   1.10937500000000       8.740442476055697E-002 -4.720437992536516E-002
   1.11718750000000       8.293377529832116E-002 -4.178552808428464E-002
   1.12500000000000       7.754505648797157E-002 -3.711967457585108E-002
   1.13281250000000       7.111491662738348E-002 -3.381837707760321E-002
   1.14062500000000       6.365173556640950E-002 -3.361575775832482E-002
   1.14843750000000       6.147805101451737E-002 -3.588040262019163E-002
   1.15625000000000       6.020421970501291E-002 -3.577191613151504E-002
   1.16406250000000       5.909639415656277E-002 -3.488777684453974E-002
   1.17187500000000       5.802339354354846E-002 -3.351536942073449E-002
   1.17968750000000       5.690065432239541E-002 -3.177180271517945E-002
   1.18750000000000       5.565037995533978E-002 -2.971005291941601E-002
   1.19531250000000       5.417780243418467E-002 -2.734060236704988E-002
   1.20312500000000       5.231202509074716E-002 -2.459696978984741E-002
   1.21093750000000       4.891016862624861E-002 -2.166030524383562E-002
   1.21875000000000       4.536411103459979E-002 -2.054695894751767E-002
   1.22656250000000       4.229978473398231E-002 -1.986406993116159E-002
   1.23437500000000       3.950618977050382E-002 -1.942958331195393E-002
   1.24218750000000       3.690594225376418E-002 -1.919171758619125E-002
   1.25000000000000       3.445835316191857E-002 -1.913749898287751E-002
   1.25781250000000       3.213954183090114E-002 -1.927907536572710E-002
   1.26562500000000       2.993714433986012E-002 -1.966196502280439E-002
   1.27343750000000       2.785720692487768E-002 -2.042158307054113E-002
   1.28125000000000       2.659976341017717E-002 -2.199281815793359E-002
   1.28906250000000       2.620433988312576E-002 -2.271065326998985E-002
   1.29687500000000       2.584762998036130E-002 -2.313575795343943E-002
   1.30468750000000       2.562331318589919E-002 -2.339434310343934E-002
   1.31250000000000       2.557606042175005E-002 -2.347935502206814E-002
   1.32031250000000       2.572651393520532E-002 -2.333032514172890E-002
   1.32812500000000       2.606517197735868E-002 -2.284295623961361E-002
   1.33593750000000       2.653316573227224E-002 -2.186339185867927E-002
   1.34375000000000       2.697930946072795E-002 -2.015677229775584E-002
   1.35156250000000       2.696192903515296E-002 -1.712429946479041E-002
   1.35937500000000       2.399070192396982E-002 -1.459739911861425E-002
   1.36718750000000       2.142959155646044E-002 -1.366772957177463E-002
   1.37500000000000       1.913390628674476E-002 -1.321444256549858E-002
   1.38281250000000       1.702301324632155E-002 -1.305930242518198E-002
   1.39062500000000       1.505965107392342E-002 -1.312967405930599E-002
   1.39843750000000       1.322287565280156E-002 -1.339329994027074E-002
   1.40625000000000       1.150046092594545E-002 -1.384271538033121E-002
   1.41406250000000       9.887336934261099E-003 -1.449652668676090E-002
   1.42187500000000       8.390424375465836E-003 -1.542417216966552E-002
   1.42968750000000       7.084555722618363E-003 -1.697391142795699E-002
   1.43750000000000       7.287265105803935E-003 -1.834762695137422E-002
   1.44531250000000       7.452259807903785E-003 -1.900792635655649E-002
   1.45312500000000       7.621100152805780E-003 -1.938047942838218E-002
   1.46093750000000       7.793494103849660E-003 -1.953272045845761E-002
   1.46875000000000       7.957870566348991E-003 -1.948874416498348E-002
   1.47656250000000       8.096401800837918E-003 -1.925597069447471E-002
   1.48437500000000       8.184918043016317E-003 -1.883183649343611E-002
   1.49218750000000       8.189953324543094E-003 -1.820362949011985E-002
   1.50000000000000       8.059425502498108E-003 -1.733964224376361E-002
   1.50781250000000       7.680539523280820E-003 -1.613961782090727E-002
   1.51562500000000       6.178342378842664E-003 -1.481088778221461E-002
   1.52343750000000       4.619290301384029E-003 -1.453808127770485E-002
   1.53125000000000       3.283326170170388E-003 -1.452258914086618E-002
   1.53906250000000       2.083120013685855E-003 -1.464786371850422E-002
   1.54687500000000       9.844287721277934E-004 -1.487042831698587E-002
   1.55468750000000      -3.087328594822040E-005 -1.516857252019633E-002
   1.56250000000000      -9.735551804239142E-004 -1.553047926721314E-002
   1.57031250000000      -1.850136990579650E-003 -1.595027545520700E-002
   1.57812500000000      -2.663988209600327E-003 -1.642711918688299E-002
   1.58593750000000      -3.414941206749961E-003 -1.696729039779795E-002
   1.59375000000000      -4.094196345511986E-003 -1.759854852558624E-002
   1.60156250000000      -4.508234164397330E-003 -1.832078944107546E-002
   1.60937500000000      -4.831991359146009E-003 -1.884691742499447E-002
   1.61718750000000      -5.152279065012696E-003 -1.932607665839144E-002
   1.62500000000000      -5.458125028250779E-003 -1.978585724946385E-002
   1.63281250000000      -5.744889266563503E-003 -2.023733397971790E-002
   1.64062500000000      -6.009676512994030E-003 -2.068688955094315E-002
   1.64843750000000      -6.250064954845064E-003 -2.113922901194797E-002
   1.65625000000000      -6.463423125541558E-003 -2.159873639975566E-002
   1.66406250000000      -6.646187146786780E-003 -2.207057363817751E-002
   1.67187500000000      -6.792461461553871E-003 -2.256243996519302E-002
   1.67968750000000      -6.889529032441874E-003 -2.308979289134901E-002
   1.68750000000000      -6.850413432997404E-003 -2.371377035461559E-002
   1.69531250000000      -6.622590708507133E-003 -2.411476743675869E-002
   1.70312500000000      -6.443904331976248E-003 -2.442691227547406E-002
   1.71093750000000      -6.276810385117738E-003 -2.469381065533341E-002
   1.71875000000000      -6.112603032536534E-003 -2.492711115712344E-002
   1.72656250000000      -5.947449335383706E-003 -2.513297827505571E-002
   1.73437500000000      -5.779112033246254E-003 -2.531582204356143E-002
   1.74218750000000      -5.605774740044591E-003 -2.547964791355463E-002
   1.75000000000000      -5.425265689142466E-003 -2.562892333524732E-002
   1.75781250000000      -5.234090681516994E-003 -2.576960062311052E-002
   1.76562500000000      -5.025445577186944E-003 -2.591113873681404E-002
   1.77343750000000      -4.782911832767733E-003 -2.607276849603148E-002
   1.78125000000000      -4.414893177937348E-003 -2.634229308967332E-002
   1.78906250000000      -3.770080471383121E-003 -2.625933755377687E-002
   1.79687500000000      -3.282290083621085E-003 -2.601077898934460E-002
   1.80468750000000      -2.874318716900583E-003 -2.567558969583358E-002
   1.81250000000000      -2.533306548362116E-003 -2.527147907026936E-002
   1.82031250000000      -2.256036477223161E-003 -2.480705410314025E-002
   1.82812500000000      -2.043322329027766E-003 -2.428739328240923E-002
   1.83593750000000      -1.898582674326410E-003 -2.371562424612095E-002
   1.84375000000000      -1.827687296632203E-003 -2.309336545649198E-002
   1.85156250000000      -1.839683962158155E-003 -2.242053609527540E-002
   1.85937500000000      -1.948944441469125E-003 -2.169433346787790E-002
   1.86718750000000      -2.181270763911693E-003 -2.090599166334615E-002
   1.87500000000000      -2.598537560683296E-003 -2.002691414867664E-002
   1.88281250000000      -3.633481455909461E-003 -1.917476551628247E-002
   1.89062500000000      -4.574671247653317E-003 -1.907667655909383E-002
   1.89843750000000      -5.280960053992339E-003 -1.905623168836214E-002
   1.90625000000000      -5.878830264069572E-003 -1.906159402778831E-002
   1.91406250000000      -6.412313597311686E-003 -1.907897718156830E-002
   1.92187500000000      -6.904423466782083E-003 -1.910278804229634E-002
   1.92968750000000      -7.369664295416533E-003 -1.913045723578410E-002
   1.93750000000000      -7.818486266332291E-003 -1.916087628413931E-002
   1.94531250000000      -8.259411812131797E-003 -1.919384063396888E-002
   1.95312500000000      -8.700404638176042E-003 -1.922991832643501E-002
   1.96093750000000      -9.150224292362286E-003 -1.927066689326429E-002
   1.96875000000000      -9.620699065356413E-003 -1.931954135870362E-002
   1.97656250000000      -1.013319914742266E-002 -1.938555694683802E-002
   1.98437500000000      -1.077266188636174E-002 -1.953462242616203E-002
   1.99218750000000      -1.122562168208104E-002 -1.990045682340788E-002
   2.00000000000000      -1.161225741252222E-002 -2.021284187900034E-002
   2.00781250000000      -1.196266020583155E-002 -2.052873744345608E-002
   2.01562500000000      -1.227474078043892E-002 -2.085622874923364E-002
   2.02343750000000      -1.254091901457558E-002 -2.119475368208616E-002
   2.03125000000000      -1.275019047554019E-002 -2.153681632324646E-002
   2.03906250000000      -1.288959358326940E-002 -2.186533343292408E-002
   2.04687500000000      -1.294801409238430E-002 -2.214840052225062E-002
   2.05468750000000      -1.292589855150818E-002 -2.233250684237457E-002
   2.06250000000000      -1.285621590227680E-002 -2.233831585806980E-002
   2.07031250000000      -1.284156651682551E-002 -2.207040223809166E-002
   2.07812500000000      -1.310633124623248E-002 -2.146074944792557E-002
   2.08593750000000      -1.407512945758993E-002 -2.057117957619299E-002
   2.09375000000000      -1.694056027349368E-002 -2.024815447033794E-002
   2.10156250000000      -1.839954185618984E-002 -2.288860135960305E-002
   2.10937500000000      -1.834513382605913E-002 -2.501160573548599E-002
   2.11718750000000      -1.764591178195475E-002 -2.648733092940574E-002
   2.12500000000000      -1.677099130123807E-002 -2.734749564436971E-002
   2.13281250000000      -1.598094536079524E-002 -2.776005146860495E-002
   2.14062500000000      -1.537500327298249E-002 -2.790297106058964E-002
   2.14843750000000      -1.496393928053523E-002 -2.790951464053119E-002
   2.15625000000000      -1.472358875947727E-002 -2.786490882596659E-002
   2.16406250000000      -1.462215400698048E-002 -2.781975132370179E-002
   2.17187500000000      -1.463104059821012E-002 -2.780366774084971E-002
   2.17968750000000      -1.472806654886754E-002 -2.783537933225293E-002
   2.18750000000000      -1.489800709343071E-002 -2.793011877618525E-002
   2.19531250000000      -1.513320606766935E-002 -2.810750330462363E-002
   2.20312500000000      -1.543845014801029E-002 -2.841162704593681E-002
   2.21093750000000      -1.567552413997373E-002 -2.908495409149361E-002
   2.21875000000000      -1.552657190003108E-002 -2.964224861347262E-002
   2.22656250000000      -1.534921214117440E-002 -3.008306678826059E-002
   2.23437500000000      -1.515748115966996E-002 -3.046711829411328E-002
   2.24218750000000      -1.495506568507694E-002 -3.081355203540375E-002
   2.25000000000000      -1.474317071868169E-002 -3.113137149423695E-002
   2.25781250000000      -1.452202980212284E-002 -3.142534732706137E-002
   2.26562500000000      -1.429139933914815E-002 -3.169797999920448E-002
   2.27343750000000      -1.405075760193144E-002 -3.195029244581925E-002
   2.28125000000000      -1.379938967727836E-002 -3.218214547176505E-002
   2.28906250000000      -1.353641514810007E-002 -3.239228469271452E-002
   2.29687500000000      -1.326076952086465E-002 -3.257814786630951E-002
   2.30468750000000      -1.297110974679569E-002 -3.273530470037812E-002
   2.31250000000000      -1.266550757233461E-002 -3.285601674181175E-002
   2.32031250000000      -1.234025723986248E-002 -3.292458472786643E-002
   2.32812500000000      -1.197899661316113E-002 -3.288147652054593E-002
   2.33593750000000      -1.185462742389881E-002 -3.271210196740165E-002
   2.34375000000000      -1.178882288767569E-002 -3.266248689684609E-002
   2.35156250000000      -1.173936511996839E-002 -3.265298622031440E-002
   2.35937500000000      -1.170176059549039E-002 -3.266858180518158E-002
   2.36718750000000      -1.167442850294236E-002 -3.270296608073319E-002
   2.37500000000000      -1.165693759865004E-002 -3.275310126686009E-002
   2.38281250000000      -1.164951957400947E-002 -3.281767500638082E-002
   2.39062500000000      -1.165290857318595E-002 -3.289655070023205E-002
   2.39843750000000      -1.166831174837681E-002 -3.299060652951998E-002
   2.40625000000000      -1.169746270739399E-002 -3.310180378840336E-002
   2.41406250000000      -1.174276211111599E-002 -3.323347856307750E-002
   2.42187500000000      -1.180755473407988E-002 -3.339097220333120E-002
   2.42968750000000      -1.189668167064770E-002 -3.358294939115165E-002
   2.43750000000000      -1.201771879288696E-002 -3.382447495597114E-002
   2.44531250000000      -1.218450297727360E-002 -3.414617494038168E-002
   2.45312500000000      -1.243544876598934E-002 -3.464506942834361E-002
   2.46093750000000      -1.232037944823201E-002 -3.555019742596167E-002
   2.46875000000000      -1.192767343744170E-002 -3.619144836095819E-002
   2.47656250000000      -1.146790916032646E-002 -3.672241546424409E-002
   2.48437500000000      -1.095440457059933E-002 -3.717597108506802E-002
   2.49218750000000      -1.039330506846323E-002 -3.756213362617915E-002
   2.50000000000000      -9.788653567021317E-003 -3.788331419704174E-002
   2.53125000000000      -7.002153828789929E-003 -3.845951277793581E-002
   2.56250000000000      -3.849432318195573E-003 -3.751513633774654E-002
   2.59375000000000      -2.095578681069132E-003 -3.336576863622057E-002
   2.62500000000000      -4.049512830564863E-003 -3.143171918524095E-002
   2.65625000000000      -5.685351005435379E-003 -3.078195338653315E-002
   2.68750000000000      -7.397088367878580E-003 -3.073211650496702E-002
   2.71875000000000      -9.690957384134481E-003 -3.143418601325219E-002
   2.75000000000000      -1.108236944541133E-002 -3.506866731826070E-002
   2.78125000000000      -1.001690079289181E-002 -3.819413734150302E-002
   2.81250000000000      -7.706394504173093E-003 -4.061388422258418E-002
   2.84375000000000      -4.279512254636205E-003 -4.180447631318866E-002
   2.87500000000000      -2.723324767523452E-004 -4.000746728436461E-002
   2.90625000000000      -3.923256946379045E-004 -3.783406180250979E-002
   2.93750000000000      -6.108982570106116E-004 -3.706601135021673E-002
   2.96875000000000      -8.712183144339559E-004 -3.683704351166366E-002
   3.00000000000000      -1.191434738341969E-003 -3.708031275893998E-002
   3.03125000000000      -1.396411374598187E-003 -3.840319619525843E-002
   3.06250000000000       3.797770138685725E-006 -3.946724851077092E-002
   3.09375000000000       1.480666205290716E-003 -3.991773342689080E-002
   3.12500000000000       2.994057699043161E-003 -4.002565031362029E-002
   3.15625000000000       4.512663556423362E-003 -3.982095160063095E-002
   3.18750000000000       5.969044672336759E-003 -3.918616692795558E-002
   3.21875000000000       6.822000997467438E-003 -3.850726905499828E-002
   3.25000000000000       7.729477812932876E-003 -3.796443135356024E-002
   3.28125000000000       8.647199278917155E-003 -3.735668886126636E-002
   3.31250000000000       9.550748585377581E-003 -3.661517578841288E-002
   3.34375000000000       1.040299503888870E-002 -3.561478958792972E-002
   3.37500000000000       1.051436832924860E-002 -3.420017888957076E-002
   3.40625000000000       1.023435000769576E-002 -3.354371464135164E-002
   3.43750000000000       1.000468450844927E-002 -3.322471972077529E-002
   3.46875000000000       9.830719168685486E-003 -3.318340031551903E-002
   3.50000000000000       9.753737658160592E-003 -3.345458756613525E-002
   3.53125000000000       9.920610309712466E-003 -3.425882607338064E-002
   3.56250000000000       1.146320211647408E-002 -3.483887140673747E-002
   3.59375000000000       1.279579046001581E-002 -3.458513041706594E-002
   3.62500000000000       1.398091338701882E-002 -3.407855181100061E-002
   3.65625000000000       1.506242769568778E-002 -3.338006907336560E-002
   3.68750000000000       1.604692410907051E-002 -3.247456588235999E-002
   3.71875000000000       1.687987454444567E-002 -3.119375251827891E-002
   3.75000000000000       1.675109976272540E-002 -2.997578595412662E-002
   3.78125000000000       1.666672518992313E-002 -2.929565790609053E-002
   3.81250000000000       1.661089693730197E-002 -2.880885080387929E-002
   3.84375000000000       1.657221696591829E-002 -2.849314206621530E-002
   3.87500000000000       1.656038999939176E-002 -2.838074992819719E-002
   3.90625000000000       1.661394926276827E-002 -2.860776629057831E-002
   3.93750000000000       1.759952164820310E-002 -2.929955285536641E-002
   3.96875000000000       1.901283188601368E-002 -2.908160987271910E-002
   4.00000000000000       2.035984066586808E-002 -2.843541390764496E-002
   4.03125000000000       2.160924295122757E-002 -2.744564741880598E-002
   4.06250000000000       2.270816647391581E-002 -2.612401477478007E-002
   4.09375000000000       2.356774432788872E-002 -2.443333627709104E-002
   4.12500000000000       2.385350070855789E-002 -2.206986042459825E-002
   4.15625000000000       2.283612024079667E-002 -2.072429127881451E-002
   4.18750000000000       2.222189853954431E-002 -1.989508749284112E-002
   4.21875000000000       2.175010501957331E-002 -1.924688639735880E-002
   4.25000000000000       2.136534445055668E-002 -1.871402069756037E-002
   4.28125000000000       2.104566125214501E-002 -1.827413371926637E-002
   4.31250000000000       2.078773891697574E-002 -1.792924136765452E-002
   4.34375000000000       2.067756643557436E-002 -1.774493969464481E-002
   4.37500000000000       2.077918357339602E-002 -1.735729496732756E-002
   4.40625000000000       2.081555566324351E-002 -1.690858555535247E-002
   4.43750000000000       2.082671194380936E-002 -1.645145061172076E-002
   4.46875000000000       2.082432474322172E-002 -1.600179235443077E-002
   4.50000000000000       2.081736837461158E-002 -1.557120739695395E-002
   4.53125000000000       2.081880589785808E-002 -1.517534729595365E-002
   4.56250000000000       2.086755158609931E-002 -1.486075209354532E-002
   4.59375000000000       2.119355718067439E-002 -1.443488946000574E-002
   4.62500000000000       2.141631898199830E-002 -1.379279784684259E-002
   4.65625000000000       2.155640025071976E-002 -1.307448952531724E-002
   4.68750000000000       2.161899005460148E-002 -1.229746326115013E-002
   4.71875000000000       2.159728388793708E-002 -1.146646553365700E-002
   4.75000000000000       2.147316416335692E-002 -1.057833211399118E-002
   4.78125000000000       2.120213038750366E-002 -9.615231071049914E-003
   4.81250000000000       2.047859233966363E-002 -8.580170486212787E-003
   4.84375000000000       1.966373951776959E-002 -8.199497324277603E-003
   4.87500000000000       1.905121104799094E-002 -7.935420059314413E-003
   4.90625000000000       1.853405353565432E-002 -7.726391076216826E-003
   4.93750000000000       1.807971051988389E-002 -7.554865986868772E-003
   4.96875000000000       1.767203578576823E-002 -7.413228629952924E-003
   5.00000000000000       1.730149549003687E-002 -7.298445194530751E-003
   5.03125000000000       1.696197725107662E-002 -7.211576209581261E-003
   5.06250000000000       1.665933199514844E-002 -7.169561473967642E-003
   5.09375000000000       1.642094089250404E-002 -7.129314991929975E-003
   5.12500000000000       1.620780875170000E-002 -7.093080457318915E-003
   5.15625000000000       1.602200855749699E-002 -7.069066240069315E-003
   5.18750000000000       1.586663703661365E-002 -7.060262800622791E-003
   5.21875000000000       1.574678971109856E-002 -7.069205612797017E-003
   5.25000000000000       1.567143784690734E-002 -7.099475550285374E-003
   5.28125000000000       1.565907138976372E-002 -7.158299145241212E-003
   5.31250000000000       1.577017062497644E-002 -7.270647393706930E-003
   5.34375000000000       1.616196621083929E-002 -7.131831777491715E-003
   5.37500000000000       1.636482119026661E-002 -6.798139766331396E-003
   5.40625000000000       1.648176573463465E-002 -6.425803208634153E-003
   5.43750000000000       1.653840061852658E-002 -6.027336068816468E-003
   5.46875000000000       1.654281724315381E-002 -5.607296521134834E-003
   5.50000000000000       1.649548272275596E-002 -5.166910909805459E-003
   5.53125000000000       1.638988755027371E-002 -4.704579233988415E-003
   5.56250000000000       1.620629045566014E-002 -4.213614716575055E-003
   5.59375000000000       1.585479556119364E-002 -3.660382889654931E-003
   5.62500000000000       1.528797609573738E-002 -3.482440150724828E-003
   5.65625000000000       1.492202476571992E-002 -3.412440024411965E-003
   5.68750000000000       1.463288978765485E-002 -3.373208407599836E-003
   5.71875000000000       1.439791717598230E-002 -3.354896076047284E-003
   5.75000000000000       1.420889098673039E-002 -3.353295850776786E-003
   5.78125000000000       1.406395869269214E-002 -3.366460223997801E-003
   5.81250000000000       1.396648061353738E-002 -3.393922615323745E-003
   5.84375000000000       1.392809807861779E-002 -3.437035430846160E-003
   5.87500000000000       1.398916855009138E-002 -3.502661816266129E-003
   5.90625000000000       1.424571334116551E-002 -3.377977544293457E-003
   5.93750000000000       1.434345369456277E-002 -3.112530361759583E-003
   5.96875000000000       1.437757789207252E-002 -2.837851533248505E-003
   6.00000000000000       1.437405523835693E-002 -2.559383491124575E-003
   6.03125000000000       1.434345209177981E-002 -2.279493916957604E-003
   6.06250000000000       1.429151583444729E-002 -1.999593100985674E-003
   6.09375000000000       1.422192162611408E-002 -1.720721135383536E-003
   6.12500000000000       1.413742833950354E-002 -1.443850638475716E-003
   6.15625000000000       1.404079773072046E-002 -1.170274008368843E-003
   6.18750000000000       1.393838790345582E-002 -9.037966963796204E-004
   6.21875000000000       1.384103641275872E-002 -6.176857528214233E-004
   6.25000000000000       1.371805881939433E-002 -3.213908611516575E-004
   6.28125000000000       1.357537595600795E-002 -2.187702112584712E-005
   6.31250000000000       1.341331005040012E-002  2.798049391675561E-004
   6.34375000000000       1.323090584149850E-002  5.831713792083079E-004
   6.37500000000000       1.302615888953313E-002  8.879694586313058E-004
   6.40625000000000       1.279564556591773E-002  1.194093471628020E-003
   6.43750000000000       1.253339966755685E-002  1.501589119371937E-003
   6.46875000000000       1.222745411841935E-002  1.810774330471241E-003
   6.50000000000000       1.184128053928750E-002  2.123001394597107E-003
   6.53125000000000       1.133249286014611E-002  2.248971618053412E-003
   6.56250000000000       1.096631001777793E-002  2.290675469160155E-003
   6.59375000000000       1.064893963637490E-002  2.329743374604294E-003
   6.62500000000000       1.035938508048624E-002  2.367102336923445E-003
   6.65625000000000       1.008855558608565E-002  2.403149850376476E-003
   6.68750000000000       9.831160775013465E-003  2.438109103512180E-003
   6.71875000000000       9.583529563701676E-003  2.472122935647876E-003
   6.75000000000000       9.342669315413617E-003  2.505289859079251E-003
   6.78125000000000       9.105582102887420E-003  2.537680199321404E-003
   6.81250000000000       8.868080915358685E-003  2.569342068656844E-003
   6.84375000000000       8.616264966001543E-003  2.600281710500894E-003
   6.87500000000000       8.367564960397920E-003  2.579132610867102E-003
   6.90625000000000       8.149745021781138E-003  2.556379313955153E-003
   6.93750000000000       7.946306655596270E-003  2.533206330980968E-003
   6.96875000000000       7.753691496630212E-003  2.509602092249298E-003
   7.00000000000000       7.570099002865376E-003  2.485555313309765E-003
   7.03125000000000       7.394430520334216E-003  2.461049783190321E-003
   7.06250000000000       7.225983047103795E-003  2.436059770015731E-003
   7.09375000000000       7.064353450073345E-003  2.410542348760377E-003
   7.12500000000000       6.909466247898112E-003  2.384420333601194E-003
   7.15625000000000       6.761821619449444E-003  2.357532103552506E-003
   7.18750000000000       6.623994182111763E-003  2.329364549285355E-003
   7.21875000000000       6.501373193280919E-003  2.315109848353661E-003
   7.25000000000000       6.370248522648505E-003  2.309588073940574E-003
   7.28125000000000       6.237050675767232E-003  2.304851688971505E-003
   7.31250000000000       6.103110905863810E-003  2.300607095140106E-003
   7.34375000000000       5.968750873771480E-003  2.296744176969020E-003
   7.37500000000000       5.833938317386383E-003  2.293216396983848E-003
   7.40625000000000       5.698439924365833E-003  2.290010746015330E-003
   7.43750000000000       5.561852711703679E-003  2.287138454764258E-003
   7.46875000000000       5.423569764741724E-003  2.284634812955855E-003
   7.50000000000000       5.282652117242983E-003  2.282568450266846E-003
   7.53125000000000       5.137407793750114E-003  2.281076161848162E-003
   7.56250000000000       4.982620291377234E-003  2.280597678445098E-003
   7.59375000000000       4.818130732014639E-003  2.258499481044611E-003
   7.62500000000000       4.665143986476300E-003  2.232178497825225E-003
   7.65625000000000       4.513958247461273E-003  2.205831127402587E-003
   7.68750000000000       4.361715395304035E-003  2.179719548595262E-003
   7.71875000000000       4.206042937036839E-003  2.154074213861087E-003
   7.75000000000000       4.044195776097504E-003  2.129174149360620E-003
   7.78125000000000       3.872405571953601E-003  2.105415077039771E-003
   7.81250000000000       3.684842336898972E-003  2.083424013365353E-003
   7.84375000000000       3.471366546418084E-003  2.064312243386179E-003
   7.87500000000000       3.211472561358938E-003  2.050364721473081E-003
   7.90625000000000       2.852220951763562E-003  2.047579520106075E-003
   7.93750000000000       2.154477492050293E-003  2.083635954871705E-003
   7.96875000000000       1.873927743195631E-003  9.587764494114594E-007
   8.00000000000000       2.608178064382930E-003  5.067994524659360E-007
   8.03125000000000       2.900829382010443E-003  3.430766051950673E-007
   8.06250000000000       3.071573829869242E-003  2.514885675682530E-007
   8.09375000000000       3.184288812185861E-003  1.917804887702443E-007
   8.12500000000000       3.263115426368026E-003  1.495382607862451E-007
   8.15625000000000       3.319820874246526E-003  1.180697250797286E-007
   8.18750000000000       3.361033658560943E-003  9.377323854822383E-008
   8.21875000000000       3.390857977096873E-003  7.451315067140272E-008
   8.25000000000000       3.412011005589483E-003  5.893308080135004E-008
   8.28125000000000       3.426383769329103E-003  4.612572651964181E-008
   8.31250000000000       3.435344253061295E-003  3.545942888021601E-008
   8.34375000000000       3.439913049493112E-003  2.647984157179352E-008
   8.37500000000000       3.440870939883342E-003  1.885150429322183E-008
   8.40625000000000       3.438827818251003E-003  1.232107772488570E-008
   8.43750000000000       3.434268512988664E-003  6.693644759326602E-009
   8.46875000000000       3.427584222831662E-003  1.816750883250080E-009
   8.50000000000000       3.419094691621125E-003 -2.430495479783547E-009
   8.53125000000000       3.409064177828743E-003 -6.145156135903621E-009
   8.56250000000000       3.397713230932382E-003 -9.406091799123530E-009
   8.59375000000000       3.385227504653067E-003 -1.227796925859905E-008
   8.62500000000000       3.371764472616606E-003 -1.481417177403660E-008
   8.65625000000000       3.357458607312680E-003 -1.705935648218935E-008
   8.68750000000000       3.342425443816679E-003 -1.905091291533025E-008
   8.71875000000000       3.326764772146162E-003 -2.082050861680276E-008
   8.75000000000000       3.310563217966655E-003 -2.239503185989204E-008
   8.78125000000000       3.293896292404533E-003 -2.379752490128584E-008
   8.81250000000000       3.276830095412847E-003 -2.504775524995041E-008
   8.84375000000000       3.259422682890801E-003 -2.616279950222797E-008
   8.87500000000000       3.241725217870251E-003 -2.715748654771318E-008
   8.90625000000000       3.223782914024530E-003 -2.804469739489462E-008
   8.93750000000000       3.205635840131518E-003 -2.883575180786808E-008
   8.96875000000000       3.187319581508018E-003 -2.954048827300953E-008
   9.00000000000000       3.168865817029236E-003 -3.016763510933052E-008
   9.03125000000000       3.150302791660488E-003 -3.072491685725297E-008
   9.06250000000000       3.131655744408421E-003 -3.121911462016565E-008
   9.09375000000000       3.112947249327433E-003 -3.165627035102403E-008
   9.12500000000000       3.094197529393577E-003 -3.204176343472680E-008
   9.15625000000000       3.075424722602577E-003 -3.238042896484215E-008
   9.18750000000000       3.056645107861878E-003 -3.267655161701848E-008
   9.21875000000000       3.037873311410134E-003 -3.293398243943218E-008
   9.25000000000000       3.019122477587809E-003 -3.315617903934417E-008
   9.28125000000000       3.000404430140287E-003 -3.334625800055486E-008
   9.31250000000000       2.981729797937133E-003 -3.350703263982992E-008
   9.34375000000000       2.963108148507984E-003 -3.364103588438612E-008
   9.37500000000000       2.944548080702946E-003 -3.375057171033194E-008
   9.40625000000000       2.926057331355219E-003 -3.383774995488145E-008
   9.43750000000000       2.907642846666099E-003 -3.390440884304819E-008
   9.46875000000000       2.889310867681191E-003 -3.395228044014936E-008
   9.50000000000000       2.871066992115683E-003 -3.398296749442643E-008
   9.53125000000000       2.852916235233846E-003 -3.399789175963279E-008
   9.56250000000000       2.834863080522500E-003 -3.399828612516938E-008
   9.59375000000000       2.816911532521458E-003 -3.398541013003166E-008
   9.62500000000000       2.799065155852721E-003 -3.396032366143043E-008
   9.65625000000000       2.781327118630500E-003 -3.392405499956242E-008
   9.68750000000000       2.763700224003945E-003 -3.387747888273840E-008
   9.71875000000000       2.746186943910107E-003 -3.382148049166746E-008
   9.75000000000000       2.728789446919336E-003 -3.375676762660954E-008
   9.78125000000000       2.711509623501719E-003 -3.368414012463566E-008
   9.81250000000000       2.694349114432520E-003 -3.360415726016757E-008
   9.84375000000000       2.677309326633379E-003 -3.351746669880156E-008
   9.87500000000000       2.660391456744988E-003 -3.342464065659960E-008
   9.90625000000000       2.643596506153559E-003 -3.332615750234398E-008
   9.93750000000000       2.626925301697685E-003 -3.322248330822288E-008
   9.96875000000000       2.610378502669796E-003 -3.311408572031333E-008
   10.0000000000000       2.593956625219660E-003 -3.300136835447675E-008
   11.0000000000000       2.358142386563327E-003  0.000000000000000E+000
   12.0000000000000       2.161630521016384E-003  0.000000000000000E+000
   13.0000000000000       1.995351250168969E-003  0.000000000000000E+000
   14.0000000000000       1.852826160871186E-003  0.000000000000000E+000
   15.0000000000000       1.729304416813107E-003  0.000000000000000E+000
   16.0000000000000       1.621222890762288E-003  0.000000000000000E+000
   17.0000000000000       1.525856838364506E-003  0.000000000000000E+000
   18.0000000000000       1.441087014010922E-003  0.000000000000000E+000
   19.0000000000000       1.365240329062979E-003  0.000000000000000E+000
   20.0000000000000       1.296978312609830E-003  0.000000000000000E+000
   21.0000000000000       1.235217440580790E-003  0.000000000000000E+000
   22.0000000000000       1.179071193281664E-003  0.000000000000000E+000
   23.0000000000000       1.127807228356374E-003  0.000000000000000E+000
   24.0000000000000       1.080815260508192E-003  0.000000000000000E+000
   25.0000000000000       1.037582650087864E-003  0.000000000000000E+000
   26.0000000000000       9.976756250844846E-004  0.000000000000000E+000
   27.0000000000000       9.607246760072816E-004  0.000000000000000E+000
   28.0000000000000       9.264130804355929E-004  0.000000000000000E+000
   29.0000000000000       8.944678017998828E-004  0.000000000000000E+000
   30.0000000000000       8.646522084065533E-004  0.000000000000000E+000
   31.0000000000000       8.367602016837614E-004  0.000000000000000E+000
   32.0000000000000       8.106114453811438E-004  0.000000000000000E+000
   33.0000000000000       7.860474621877758E-004  0.000000000000000E+000
   34.0000000000000       7.629284191822530E-004  0.000000000000000E+000
   35.0000000000000       7.411304643484743E-004  0.000000000000000E+000
   36.0000000000000       7.205435070054612E-004  0.000000000000000E+000
   37.0000000000000       7.010693581674757E-004  0.000000000000000E+000
   38.0000000000000       6.826201645314896E-004  0.000000000000000E+000
   39.0000000000000       6.651170833896564E-004  0.000000000000000E+000
   40.0000000000000       6.484891563049150E-004  0.000000000000000E+000
   41.0000000000000       6.326723476145512E-004  0.000000000000000E+000
   42.0000000000000       6.176087202903952E-004  0.000000000000000E+000
   43.0000000000000       6.032457267952698E-004  0.000000000000000E+000
   44.0000000000000       5.895355966408319E-004  0.000000000000000E+000
   45.0000000000000       5.764348056043689E-004  0.000000000000000E+000
   46.0000000000000       5.639036141781870E-004  0.000000000000000E+000
   47.0000000000000       5.519056649403532E-004  0.000000000000000E+000
   48.0000000000000       5.404076302540959E-004  0.000000000000000E+000
   49.0000000000000       5.293789031060531E-004  0.000000000000000E+000
   50.0000000000000       5.187913250439320E-004  0.000000000000000E+000
   51.0000000000000       5.086189461215020E-004  0.000000000000000E+000
   52.0000000000000       4.988378125422423E-004  0.000000000000000E+000
   53.0000000000000       4.894257783433321E-004  0.000000000000000E+000
   54.0000000000000       4.803623380036408E-004  0.000000000000000E+000
   55.0000000000000       4.716284773126655E-004  0.000000000000000E+000
   56.0000000000000       4.632065402177965E-004  0.000000000000000E+000
   57.0000000000000       4.550801096876597E-004  0.000000000000000E+000
   58.0000000000000       4.472339008999414E-004  0.000000000000000E+000
   59.0000000000000       4.396536652914678E-004  0.000000000000000E+000
   60.0000000000000       4.323261042032767E-004  0.000000000000000E+000
   61.0000000000000       4.252387910196164E-004  0.000000000000000E+000
   62.0000000000000       4.183801008418807E-004  0.000000000000000E+000
   63.0000000000000       4.117391468602635E-004  0.000000000000000E+000
   64.0000000000000       4.053057226905719E-004  0.000000000000000E+000
   65.0000000000000       3.990702500337939E-004  0.000000000000000E+000
   66.0000000000000       3.930237310938879E-004  0.000000000000000E+000
   67.0000000000000       3.871577052566657E-004  0.000000000000000E+000
   68.0000000000000       3.814642095911265E-004  0.000000000000000E+000
   69.0000000000000       3.759357427854580E-004  0.000000000000000E+000
   70.0000000000000       3.705652321742371E-004  0.000000000000000E+000
   71.0000000000000       3.653460035520648E-004  0.000000000000000E+000
   72.0000000000000       3.602717535027306E-004  0.000000000000000E+000
   73.0000000000000       3.553365240026932E-004  0.000000000000000E+000
   74.0000000000000       3.505346790837379E-004  0.000000000000000E+000
   75.0000000000000       3.458608833626214E-004  0.000000000000000E+000
   76.0000000000000       3.413100822657448E-004  0.000000000000000E+000
   77.0000000000000       3.368774837947611E-004  0.000000000000000E+000
   78.0000000000000       3.325585416948282E-004  0.000000000000000E+000
   79.0000000000000       3.283489399012228E-004  0.000000000000000E+000
   80.0000000000000       3.242445781524575E-004  0.000000000000000E+000
   81.0000000000000       3.202415586690938E-004  0.000000000000000E+000
   82.0000000000000       3.163361738072756E-004  0.000000000000000E+000
   83.0000000000000       3.125248946047783E-004  0.000000000000000E+000
   84.0000000000000       3.088043601451976E-004  0.000000000000000E+000
   85.0000000000000       3.051713676729012E-004  0.000000000000000E+000
   86.0000000000000       3.016228633976349E-004  0.000000000000000E+000
   87.0000000000000       2.981559339332943E-004  0.000000000000000E+000
   88.0000000000000       2.947677983204159E-004  0.000000000000000E+000
   89.0000000000000       2.914558005864787E-004  0.000000000000000E+000
   90.0000000000000       2.882174028021845E-004  0.000000000000000E+000
   91.0000000000000       2.850501785955671E-004  0.000000000000000E+000
   92.0000000000000       2.819518070890935E-004  0.000000000000000E+000
   93.0000000000000       2.789200672279204E-004  0.000000000000000E+000
   94.0000000000000       2.759528324701766E-004  0.000000000000000E+000
   95.0000000000000       2.730480658125958E-004  0.000000000000000E+000
   96.0000000000000       2.702038151270479E-004  0.000000000000000E+000
   97.0000000000000       2.674182087855319E-004  0.000000000000000E+000
   98.0000000000000       2.646894515530266E-004  0.000000000000000E+000
   99.0000000000000       2.620158207292586E-004  0.000000000000000E+000
   100.000000000000       2.593956625219660E-004  0.000000000000000E+000
   101.000000000000       2.568273886356099E-004  0.000000000000000E+000
   102.000000000000       2.543094730607510E-004  0.000000000000000E+000
   103.000000000000       2.518404490504524E-004  0.000000000000000E+000
   104.000000000000       2.494189062711211E-004  0.000000000000000E+000
   105.000000000000       2.470434881161581E-004  0.000000000000000E+000
   106.000000000000       2.447128891716660E-004  0.000000000000000E+000
   107.000000000000       2.424258528242673E-004  0.000000000000000E+000
   108.000000000000       2.401811690018204E-004  0.000000000000000E+000
   109.000000000000       2.379776720385009E-004  0.000000000000000E+000
   110.000000000000       2.358142386563327E-004  0.000000000000000E+000
   111.000000000000       2.336897860558252E-004  0.000000000000000E+000
   112.000000000000       2.316032701088982E-004  0.000000000000000E+000
   113.000000000000       2.295536836477575E-004  0.000000000000000E+000
   114.000000000000       2.275400548438298E-004  0.000000000000000E+000
   115.000000000000       2.255614456712748E-004  0.000000000000000E+000
   116.000000000000       2.236169504499707E-004  0.000000000000000E+000
   117.000000000000       2.217056944632188E-004  0.000000000000000E+000
   118.000000000000       2.198268326457339E-004  0.000000000000000E+000
   119.000000000000       2.179795483377866E-004  0.000000000000000E+000
   120.000000000000       2.161630521016383E-004  0.000000000000000E+000
   121.000000000000       2.143765805966661E-004  0.000000000000000E+000
   122.000000000000       2.126193955098082E-004  0.000000000000000E+000
   123.000000000000       2.108907825381838E-004  0.000000000000000E+000
   124.000000000000       2.091900504209403E-004  0.000000000000000E+000
   125.000000000000       2.075165300175728E-004  0.000000000000000E+000
   126.000000000000       2.058695734301318E-004  0.000000000000000E+000
   127.000000000000       2.042485531669024E-004  0.000000000000000E+000
   128.000000000000       2.026528613452859E-004  0.000000000000000E+000
   129.000000000000       2.010819089317566E-004  0.000000000000000E+000
   130.000000000000       1.995351250168969E-004  0.000000000000000E+000
   131.000000000000       1.980119561236382E-004  0.000000000000000E+000
   132.000000000000       1.965118655469439E-004  0.000000000000000E+000
   133.000000000000       1.950343327232827E-004  0.000000000000000E+000
   134.000000000000       1.935788526283328E-004  0.000000000000000E+000
   135.000000000000       1.921449352014563E-004  0.000000000000000E+000
   136.000000000000       1.907321047955632E-004  0.000000000000000E+000
   137.000000000000       1.893398996510701E-004  0.000000000000000E+000
   138.000000000000       1.879678713927290E-004  0.000000000000000E+000
   139.000000000000       1.866155845481770E-004  0.000000000000000E+000
   140.000000000000       1.852826160871186E-004  0.000000000000000E+000
   141.000000000000       1.839685549801177E-004  0.000000000000000E+000
   142.000000000000       1.826730017760324E-004  0.000000000000000E+000
   143.000000000000       1.813955681971790E-004  0.000000000000000E+000
   144.000000000000       1.801358767513653E-004  0.000000000000000E+000
   145.000000000000       1.788935603599766E-004  0.000000000000000E+000
   146.000000000000       1.776682620013466E-004  0.000000000000000E+000
   147.000000000000       1.764596343686844E-004  0.000000000000000E+000
   148.000000000000       1.752673395418689E-004  0.000000000000000E+000
   149.000000000000       1.740910486724604E-004  0.000000000000000E+000
   150.000000000000       1.729304416813107E-004  0.000000000000000E+000
   151.000000000000       1.717852069681894E-004  0.000000000000000E+000
   152.000000000000       1.706550411328724E-004  0.000000000000000E+000
   153.000000000000       1.695396487071673E-004  0.000000000000000E+000
   154.000000000000       1.684387418973805E-004  0.000000000000000E+000
   155.000000000000       1.673520403367523E-004  0.000000000000000E+000
   156.000000000000       1.662792708474141E-004  0.000000000000000E+000
   157.000000000000       1.652201672114433E-004  0.000000000000000E+000
   158.000000000000       1.641744699506114E-004  0.000000000000000E+000
   159.000000000000       1.631419261144440E-004  0.000000000000000E+000
   160.000000000000       1.621222890762288E-004  0.000000000000000E+000
   161.000000000000       1.611153183366249E-004  0.000000000000000E+000
   162.000000000000       1.601207793345469E-004  0.000000000000000E+000
   163.000000000000       1.591384432650098E-004  0.000000000000000E+000
   164.000000000000       1.581680869036378E-004  0.000000000000000E+000
   165.000000000000       1.572094924375551E-004  0.000000000000000E+000
   166.000000000000       1.562624473023892E-004  0.000000000000000E+000
   167.000000000000       1.553267440251294E-004  0.000000000000000E+000
   168.000000000000       1.544021800725988E-004  0.000000000000000E+000
   169.000000000000       1.534885577053053E-004  0.000000000000000E+000
   170.000000000000       1.525856838364506E-004  0.000000000000000E+000
   171.000000000000       1.516933698958865E-004  0.000000000000000E+000
   172.000000000000       1.508114316988174E-004  0.000000000000000E+000
   173.000000000000       1.499396893190555E-004  0.000000000000000E+000
   174.000000000000       1.490779669666471E-004  0.000000000000000E+000
   175.000000000000       1.482260928696949E-004  0.000000000000000E+000
   176.000000000000       1.473838991602080E-004  0.000000000000000E+000
   177.000000000000       1.465512217638226E-004  0.000000000000000E+000
   178.000000000000       1.457279002932393E-004  0.000000000000000E+000
   179.000000000000       1.449137779452324E-004  0.000000000000000E+000
   180.000000000000       1.441087014010922E-004  0.000000000000000E+000
   181.000000000000       1.433125207303680E-004  0.000000000000000E+000
   182.000000000000       1.425250892977835E-004  0.000000000000000E+000
   183.000000000000       1.417462636732055E-004  0.000000000000000E+000
   184.000000000000       1.409759035445467E-004  0.000000000000000E+000
   185.000000000000       1.402138716334952E-004  0.000000000000000E+000
   186.000000000000       1.394600336139602E-004  0.000000000000000E+000
   187.000000000000       1.387142580331369E-004  0.000000000000000E+000
   188.000000000000       1.379764162350883E-004  0.000000000000000E+000
   189.000000000000       1.372463822867545E-004  0.000000000000000E+000
   190.000000000000       1.365240329062979E-004  0.000000000000000E+000
   191.000000000000       1.358092473936995E-004  0.000000000000000E+000
   192.000000000000       1.351019075635240E-004  0.000000000000000E+000
   193.000000000000       1.344018976797751E-004  0.000000000000000E+000
   194.000000000000       1.337091043927660E-004  0.000000000000000E+000
   195.000000000000       1.330234166779313E-004  0.000000000000000E+000
   196.000000000000       1.323447257765133E-004  0.000000000000000E+000
   197.000000000000       1.316729251380538E-004  0.000000000000000E+000
   198.000000000000       1.310079103646293E-004  0.000000000000000E+000
   199.000000000000       1.303495791567669E-004  0.000000000000000E+000
   200.000000000000       1.296978312609830E-004  0.000000000000000E+000
   201.000000000000       1.290525684188886E-004  0.000000000000000E+000
   202.000000000000       1.284136943178050E-004  0.000000000000000E+000
   203.000000000000       1.277811145428404E-004  0.000000000000000E+000
   204.000000000000       1.271547365303755E-004  0.000000000000000E+000
   205.000000000000       1.265344695229102E-004  0.000000000000000E+000
   206.000000000000       1.259202245252262E-004  0.000000000000000E+000
   207.000000000000       1.253119142618193E-004  0.000000000000000E+000
   208.000000000000       1.247094531355606E-004  0.000000000000000E+000
   209.000000000000       1.241127571875435E-004  0.000000000000000E+000
   210.000000000000       1.235217440580791E-004  0.000000000000000E+000
   211.000000000000       1.229363329487991E-004  0.000000000000000E+000
   212.000000000000       1.223564445858330E-004  0.000000000000000E+000
   213.000000000000       1.217820011840216E-004  0.000000000000000E+000
   214.000000000000       1.212129264121337E-004  0.000000000000000E+000
   215.000000000000       1.206491453590540E-004  0.000000000000000E+000
   216.000000000000       1.200905845009102E-004  0.000000000000000E+000
   217.000000000000       1.195371716691088E-004  0.000000000000000E+000
   218.000000000000       1.189888360192505E-004  0.000000000000000E+000
   219.000000000000       1.184455080008977E-004  0.000000000000000E+000
   220.000000000000       1.179071193281664E-004  0.000000000000000E+000
   221.000000000000       1.173736029511158E-004  0.000000000000000E+000
   222.000000000000       1.168448930279126E-004  0.000000000000000E+000
   223.000000000000       1.163209248977426E-004  0.000000000000000E+000
   224.000000000000       1.158016350544491E-004  0.000000000000000E+000
   225.000000000000       1.152869611208738E-004  0.000000000000000E+000
   226.000000000000       1.147768418238788E-004  0.000000000000000E+000
   227.000000000000       1.142712169700291E-004  0.000000000000000E+000
   228.000000000000       1.137700274219149E-004  0.000000000000000E+000
   229.000000000000       1.132732150750943E-004  0.000000000000000E+000
   230.000000000000       1.127807228356374E-004  0.000000000000000E+000
   231.000000000000       1.122924945982537E-004  0.000000000000000E+000
   232.000000000000       1.118084752249854E-004  0.000000000000000E+000
   233.000000000000       1.113286105244489E-004  0.000000000000000E+000
   234.000000000000       1.108528472316094E-004  0.000000000000000E+000
   235.000000000000       1.103811329880706E-004  0.000000000000000E+000
   236.000000000000       1.099134163228670E-004  0.000000000000000E+000
   237.000000000000       1.094496466337409E-004  0.000000000000000E+000
   238.000000000000       1.089897741688933E-004  0.000000000000000E+000
   239.000000000000       1.085337500091908E-004  0.000000000000000E+000
   240.000000000000       1.080815260508192E-004  0.000000000000000E+000
   241.000000000000       1.076330549883676E-004  0.000000000000000E+000
   242.000000000000       1.071882902983331E-004  0.000000000000000E+000
   243.000000000000       1.067471862230313E-004  0.000000000000000E+000
   244.000000000000       1.063096977549041E-004  0.000000000000000E+000
   245.000000000000       1.058757806212106E-004  0.000000000000000E+000
   246.000000000000       1.054453912690919E-004  0.000000000000000E+000
   247.000000000000       1.050184868509984E-004  0.000000000000000E+000
   248.000000000000       1.045950252104702E-004  0.000000000000000E+000
   249.000000000000       1.041749648682594E-004  0.000000000000000E+000
   250.000000000000       1.037582650087864E-004  0.000000000000000E+000
   251.000000000000       1.033448854669187E-004  0.000000000000000E+000
   252.000000000000       1.029347867150659E-004  0.000000000000000E+000
   253.000000000000       1.025279298505794E-004  0.000000000000000E+000
   254.000000000000       1.021242765834512E-004  0.000000000000000E+000
   255.000000000000       1.017237892243004E-004  0.000000000000000E+000
   256.000000000000       1.013264306726430E-004  0.000000000000000E+000
   257.000000000000       1.009321644054342E-004  0.000000000000000E+000
   258.000000000000       1.005409544658783E-004  0.000000000000000E+000
   259.000000000000       1.001527654524965E-004  0.000000000000000E+000
   260.000000000000       9.976756250844847E-005  0.000000000000000E+000
   261.000000000000       9.938531131109809E-005  0.000000000000000E+000
   262.000000000000       9.900597806181909E-005  0.000000000000000E+000
   263.000000000000       9.862952947603270E-005  0.000000000000000E+000
   264.000000000000       9.825593277347197E-005  0.000000000000000E+000
   265.000000000000       9.788515566866642E-005  0.000000000000000E+000
   266.000000000000       9.751716636164136E-005  0.000000000000000E+000
   267.000000000000       9.715193352882623E-005  0.000000000000000E+000
   268.000000000000       9.678942631416642E-005  0.000000000000000E+000
   269.000000000000       9.642961432043347E-005  0.000000000000000E+000
   270.000000000000       9.607246760072816E-005  0.000000000000000E+000
   271.000000000000       9.571795665017195E-005  0.000000000000000E+000
   272.000000000000       9.536605239778162E-005  0.000000000000000E+000
   273.000000000000       9.501672619852235E-005  0.000000000000000E+000
   274.000000000000       9.466994982553503E-005  0.000000000000000E+000
   275.000000000000       9.432569546253309E-005  0.000000000000000E+000
   276.000000000000       9.398393569636449E-005  0.000000000000000E+000
   277.000000000000       9.364464350973503E-005  0.000000000000000E+000
   278.000000000000       9.330779227408849E-005  0.000000000000000E+000
   279.000000000000       9.297335574264014E-005  0.000000000000000E+000
   280.000000000000       9.264130804355928E-005  0.000000000000000E+000
   281.000000000000       9.231162367329751E-005  0.000000000000000E+000
   282.000000000000       9.198427749005886E-005  0.000000000000000E+000
   283.000000000000       9.165924470740848E-005  0.000000000000000E+000
   284.000000000000       9.133650088801620E-005  0.000000000000000E+000
   285.000000000000       9.101602193753193E-005  0.000000000000000E+000
   286.000000000000       9.069778409858951E-005  0.000000000000000E+000
   287.000000000000       9.038176394493589E-005  0.000000000000000E+000
   288.000000000000       9.006793837568265E-005  0.000000000000000E+000
   289.000000000000       8.975628460967682E-005  0.000000000000000E+000
   290.000000000000       8.944678017998828E-005  0.000000000000000E+000
   291.000000000000       8.913940292851065E-005  0.000000000000000E+000
   292.000000000000       8.883413100067329E-005  0.000000000000000E+000
   293.000000000000       8.853094284026144E-005  0.000000000000000E+000
   294.000000000000       8.822981718434218E-005  0.000000000000000E+000
   295.000000000000       8.793073305829356E-005  0.000000000000000E+000
   296.000000000000       8.763366977093447E-005  0.000000000000000E+000
   297.000000000000       8.733860690975286E-005  0.000000000000000E+000
   298.000000000000       8.704552433623020E-005  0.000000000000000E+000
   299.000000000000       8.675440218125953E-005  0.000000000000000E+000
   300.000000000000       8.646522084065534E-005  0.000000000000000E+000
   301.000000000000       8.617796097075283E-005  0.000000000000000E+000
   302.000000000000       8.589260348409471E-005  0.000000000000000E+000
   303.000000000000       8.560912954520330E-005  0.000000000000000E+000
   304.000000000000       8.532752056643619E-005  0.000000000000000E+000
   305.000000000000       8.504775820392328E-005  0.000000000000000E+000
   306.000000000000       8.476982435358366E-005  0.000000000000000E+000
   307.000000000000       8.449370114722020E-005  0.000000000000000E+000
   308.000000000000       8.421937094869026E-005  0.000000000000000E+000
   309.000000000000       8.394681635015081E-005  0.000000000000000E+000
   310.000000000000       8.367602016837613E-005  0.000000000000000E+000
