  0.000000000000000E+000  -2.04232657514112      -1.893210959067279E-017
  7.812500000000000E-003  -2.04309509241259      -2.105474164627826E-003
  1.562500000000000E-002  -2.04551788460210      -5.675111545640737E-003
  2.343750000000000E-002  -2.04736639062461      -1.064108662415700E-002
  3.125000000000000E-002  -2.04879945796641      -1.468658264573607E-002
  3.906250000000000E-002  -2.05053363474500      -1.947957880459378E-002
  4.687500000000000E-002  -2.05444122813926      -2.381207456364419E-002
  5.468750000000000E-002  -2.05646610148747      -3.167653013036470E-002
  6.250000000000000E-002  -2.05716555485995      -3.646133024481279E-002
  7.031250000000000E-002  -2.05988345088005      -4.099134043444518E-002
  7.812500000000000E-002  -2.06274991687656      -4.955049701304052E-002
  8.593750000000000E-002  -2.05725706327720      -5.186882137585694E-002
  9.375000000000000E-002  -2.06360837504896      -5.060763627255981E-002
  0.101562500000000       -2.06966439628695      -5.304271514304550E-002
  0.109375000000000       -2.08425851168510      -5.999488883020615E-002
  0.117187500000000       -2.08392250577652      -7.187055012916919E-002
  0.125000000000000       -2.08909517006279      -8.085966377286753E-002
  0.132812500000000       -2.08552670843923      -7.707268048264648E-002
  0.140625000000000       -2.10758538813675      -7.060712145258378E-002
  0.148437500000000       -2.13144416258694      -9.333671415614199E-002
  0.156250000000000       -2.14475645003874      -0.119627110846001     
  0.164062500000000       -2.14160238432318      -0.146162615563487     
  0.171875000000000       -2.14142246867559      -0.165810853406313     
  0.179687500000000       -2.13091743466503      -0.189804828258422     
  0.187500000000000       -2.12191649732583      -0.200255387229486     
  0.195312500000000       -2.11076222883644      -0.219667405209668     
  0.203125000000000       -2.08698986257158      -0.206337166896504     
  0.210937500000000       -2.09376393113015      -0.191211134984778     
  0.218750000000000       -2.11680294134336      -0.190532425897078     
  0.226562500000000       -2.13589493876614      -0.203631604526826     
  0.234375000000000       -2.15182190726877      -0.228948523312962     
  0.242187500000000       -2.15007863524031      -0.249195470280537     
  0.250000000000000       -2.16040997505253      -0.268286637526046     
  0.257812500000000       -2.17689765324118      -0.311755599704424     
  0.265625000000000       -2.13499934221921      -0.353219709438352     
  0.273437500000000       -2.10304900314828      -0.365771670075853     
  0.281250000000000       -2.06253972321235      -0.375195133229158     
  0.289062500000000       -2.03801913608741      -0.341120992983980     
  0.296875000000000       -2.03773089351223      -0.318641974567838     
  0.304687500000000       -2.04579371892755      -0.300612380327662     
  0.312500000000000       -2.06311704947666      -0.293319939607461     
  0.320312500000000       -2.07822221522743      -0.290768227954626     
  0.328125000000000       -2.09628421368993      -0.288022703156067     
  0.335937500000000       -2.12685714358201      -0.297173158734848     
  0.343750000000000       -2.14875189827964      -0.318949472507651     
  0.351562500000000       -2.16495069553445      -0.350260507554393     
  0.359375000000000       -2.14968185342107      -0.389725813514879     
  0.367187500000000       -2.13701692822847      -0.391684193890060     
  0.375000000000000       -2.13727301186930      -0.391913968785883     
  0.382812500000000       -2.14679806307775      -0.390098410077954     
  0.390625000000000       -2.17538749006071      -0.403341620211845     
  0.398437500000000       -2.19336405862458      -0.433085634471762     
  0.406250000000000       -2.20317533708501      -0.473691111814858     
  0.414062500000000       -2.18448570035537      -0.534149563625949     
  0.421875000000000       -2.13759639169519      -0.531572907117562     
  0.429687500000000       -2.12378415301189      -0.523435041284543     
  0.437500000000000       -2.12078889030886      -0.516427051649902     
  0.445312500000000       -2.12763039442529      -0.508239288866652     
  0.453125000000000       -2.14361260868755      -0.512785918701483     
  0.460937500000000       -2.15842060644972      -0.521811150804105     
  0.468750000000000       -2.17487392699309      -0.534792901193038     
  0.476562500000000       -2.19379246927245      -0.554679748995596     
  0.484375000000000       -2.20562862071989      -0.581097708923415     
  0.492187500000000       -2.21775292664135      -0.608470920464721     
  0.500000000000000       -2.22983497487137      -0.642261515806605     
  0.507812500000000       -2.23824689010982      -0.688617470357252     
  0.515625000000000       -2.21492298312744      -0.740791681372639     
  0.523437500000000       -2.19018928602581      -0.769530512957679     
  0.531250000000000       -2.16713347925631      -0.794668531598957     
  0.539062500000000       -2.14109627204332      -0.818229778617271     
  0.546875000000000       -2.10044112211369      -0.836670053070865     
  0.554687500000000       -2.07314791114231      -0.822592150898600     
  0.562500000000000       -2.06202686857662      -0.812755243858741     
  0.570312500000000       -2.05924221435309      -0.805559625388177     
  0.578125000000000       -2.06430534559927      -0.801655400876531     
  0.585937500000000       -2.07683123696652      -0.809692674089746     
  0.593750000000000       -2.08035279392632      -0.822040755554774     
  0.601562500000000       -2.08479701046062      -0.833692158811153     
  0.609375000000000       -2.09118891138359      -0.846647305533131     
  0.617187500000000       -2.10060154078194      -0.862332548007207     
  0.625000000000000       -2.11490899604706      -0.888964721526752     
  0.632812500000000       -2.11449463199245      -0.922178399426210     
  0.640625000000000       -2.10945557334630      -0.952896805384900     
  0.648437500000000       -2.10051955855539      -0.982666129486463     
  0.656250000000000       -2.08691645082403       -1.01063675809570     
  0.664062500000000       -2.06672912836030       -1.03181222212677     
  0.671875000000000       -2.05973392940726       -1.04327828262813     
  0.679687500000000       -2.05559774311361       -1.06308254113798     
  0.687500000000000       -2.05051964977216       -1.08678147466071     
  0.695312500000000       -2.04328089175892       -1.11325851184712     
  0.703125000000000       -2.03272979413580       -1.14122539706865     
  0.710937500000000       -2.02060410623617       -1.16729142154127     
  0.718750000000000       -2.00853969118213       -1.19683689687599     
  0.726562500000000       -1.99254803141848       -1.22893394697470     
  0.734375000000000       -1.97117952782208       -1.26251642250607     
  0.742187500000000       -1.94226406900292       -1.29618250539935     
  0.750000000000000       -1.90068925874822       -1.32642817554305     
  0.757812500000000       -1.85447137802740       -1.32364641195565     
  0.765625000000000       -1.83601932866663       -1.32333763723565     
  0.773437500000000       -1.82239641659703       -1.33118992033227     
  0.781250000000000       -1.80966944395038       -1.34508007874557     
  0.789062500000000       -1.79551994205106       -1.36403983704984     
  0.796875000000000       -1.77748522890869       -1.38710255848495     
  0.804687500000000       -1.75312547871417       -1.40828316918425     
  0.812500000000000       -1.73100109191255       -1.42923230400409     
  0.820312500000000       -1.70674812848658       -1.45376826319635     
  0.828125000000000       -1.67779541863279       -1.48162842156724     
  0.835937500000000       -1.64107565559768       -1.51224201108271     
  0.843750000000000       -1.59137741071442       -1.54368555245450     
  0.851562500000000       -1.51355995117829       -1.56205184499257     
  0.859375000000000       -1.45403915438259       -1.54155188277633     
  0.867187500000000       -1.40832483767694       -1.52300700915463     
  0.875000000000000       -1.36767901493875       -1.50432022925472     
  0.882812500000000       -1.32946633315454       -1.48386963030911     
  0.890625000000000       -1.29246420844617       -1.45934538937697     
  0.898437500000000       -1.25618308509092       -1.42603960272652     
  0.906250000000000       -1.23880601696284       -1.36664627895066     
  0.914062500000000       -1.25403621109719       -1.33140864428019     
  0.921875000000000       -1.27033813826210       -1.31173077897409     
  0.929687500000000       -1.28742932508454       -1.30164567353573     
  0.937500000000000       -1.30583022710454       -1.29950102536021     
  0.945312500000000       -1.32683200467148       -1.30550455407247     
  0.953125000000000       -1.35387112827815       -1.32280711125442     
  0.960937500000000       -1.38409081065473       -1.38311237762987     
  0.968750000000000       -1.36023074383731       -1.44786504859645     
  0.976562500000000       -1.32098241882116       -1.50063314907306     
  0.984375000000000       -1.26831343819731       -1.54578224689236     
  0.992187500000000       -1.20141188909096       -1.58203387859688     
   1.00000000000000       -1.11886439039950       -1.60487639894033     
   1.00781250000000       -1.01955919694630       -1.60496923615351     
   1.01562500000000      -0.903205150568979       -1.55583836563424     
   1.02343750000000      -0.874459849402367       -1.45843404732618     
   1.03125000000000      -0.864981213322351       -1.40568219000788     
   1.03906250000000      -0.858080855410452       -1.36653544075706     
   1.04687500000000      -0.852365108817902       -1.33502727189255     
   1.05468750000000      -0.847432442445016       -1.30859377243064     
   1.06250000000000      -0.843315956068319       -1.28598800697296     
   1.07031250000000      -0.840518268410809       -1.26690952997885     
   1.07812500000000      -0.840628863850141       -1.25559595703178     
   1.08593750000000      -0.829385667082604       -1.24967404158781     
   1.09375000000000      -0.814401052791050       -1.24064523063745     
   1.10156250000000      -0.796976299157552       -1.22945880828207     
   1.10937500000000      -0.777519328408691       -1.21571736478371     
   1.11718750000000      -0.756355213613513       -1.19856671265852     
   1.12500000000000      -0.733962630689257       -1.17662220853879     
   1.13281250000000      -0.711315506534821       -1.14743023712352     
   1.14062500000000      -0.691375125066203       -1.10302212235295     
   1.14843750000000      -0.704763296193354       -1.06083425326290     
   1.15625000000000      -0.716301944107976       -1.03501546570364     
   1.16406250000000      -0.726533937582477       -1.01458138755667     
   1.17187500000000      -0.735957511420559      -0.997459408424084     
   1.17968750000000      -0.744898180333351      -0.982737443607871     
   1.18750000000000      -0.753627752863202      -0.969964136379855     
   1.19531250000000      -0.762418856457777      -0.958969086247316     
   1.20312500000000      -0.771633969127184      -0.949902343574615     
   1.21093750000000      -0.781038380315255      -0.944655126648894     
   1.21875000000000      -0.787462081970948      -0.940997253419537     
   1.22656250000000      -0.793019754581682      -0.937872911733613     
   1.23437500000000      -0.798118898374798      -0.935568949643053     
   1.24218750000000      -0.802980317216699      -0.934306080984203     
   1.25000000000000      -0.807778794649633      -0.934385081090936     
   1.25781250000000      -0.812688932660663      -0.936294255654687     
   1.26562500000000      -0.817932335866513      -0.940952793543745     
   1.27343750000000      -0.823907826968907      -0.950659554584486     
   1.28125000000000      -0.822188243193053      -0.975926350374690     
   1.28906250000000      -0.801948880119292      -0.991539780859087     
   1.29687500000000      -0.779402014013327      -0.999940228342747     
   1.30468750000000      -0.754920884048287       -1.00337659876317     
   1.31250000000000      -0.728822873087584       -1.00217673797579     
   1.32031250000000      -0.701517984239826      -0.996116163028646     
   1.32812500000000      -0.673596858499486      -0.984654841205544     
   1.33593750000000      -0.645953105208119      -0.966941974169032     
   1.34375000000000      -0.620063957435043      -0.941537150120069     
   1.35156250000000      -0.599574523001344      -0.903845045510666     
   1.35937500000000      -0.605384825595875      -0.869987409992774     
   1.36718750000000      -0.608303618176607      -0.848818445330926     
   1.37500000000000      -0.609771778659502      -0.830711654659662     
   1.38281250000000      -0.610511442985450      -0.814126493134988     
   1.39062500000000      -0.610878935245106      -0.798396499273026     
   1.39843750000000      -0.611106167891528      -0.783168005640801     
   1.40625000000000      -0.611372620120710      -0.768242308279954     
   1.41406250000000      -0.611838395088846      -0.753522481024134     
   1.42187500000000      -0.612672331030574      -0.739017277758934     
   1.42968750000000      -0.614165181332393      -0.725074458718653     
   1.43750000000000      -0.614685624548094      -0.712067344561338     
   1.44531250000000      -0.615001271079422      -0.698335984482461     
   1.45312500000000      -0.615497190079942      -0.684142068335840     
   1.46093750000000      -0.616326915219102      -0.669499669129449     
   1.46875000000000      -0.617621374260169      -0.654395492152166     
   1.47656250000000      -0.619513804661355      -0.638803229119211     
   1.48437500000000      -0.622157224339872      -0.622680282320264     
   1.49218750000000      -0.625751940136366      -0.605950862899799     
   1.50000000000000      -0.630615917585530      -0.588453046575432     
   1.50781250000000      -0.637496535648907      -0.569686052745490     
   1.51562500000000      -0.651248125219215      -0.551884569529803     
   1.52343750000000      -0.664110090919659      -0.540562655889866     
   1.53125000000000      -0.675509582052015      -0.530599597461878     
   1.53906250000000      -0.686157599365739      -0.521380058071635     
   1.54687500000000      -0.696360206433022      -0.512654619475420     
   1.55468750000000      -0.706307087974001      -0.504280683830309     
   1.56250000000000      -0.716144779796833      -0.496158574718909     
   1.57031250000000      -0.726011465718696      -0.488203736119187     
   1.57812500000000      -0.736069526915842      -0.480324641633824     
   1.58593750000000      -0.746570539229767      -0.472383321808932     
   1.59375000000000      -0.758136330252611      -0.464025700492047     
   1.60156250000000      -0.773979617625289      -0.457690215478525     
   1.60937500000000      -0.787711742992744      -0.455832924663617     
   1.61718750000000      -0.799826907271744      -0.454938401287853     
   1.62500000000000      -0.810878945508288      -0.454704332324346     
   1.63281250000000      -0.821091629348641      -0.455037576140135     
   1.64062500000000      -0.830575837101351      -0.455920803622873     
   1.64843750000000      -0.839379369541589      -0.457386532046368     
   1.65625000000000      -0.847497966833295      -0.459518839356449     
   1.66406250000000      -0.854863949054705      -0.462477227716840     
   1.67187500000000      -0.861297897919123      -0.466566862456565     
   1.67968750000000      -0.866325169463719      -0.472486137636636     
   1.68750000000000      -0.866147461565103      -0.483314881895836     
   1.69531250000000      -0.857475331955001      -0.484168552314201     
   1.70312500000000      -0.851991730245695      -0.480747238408009     
   1.71093750000000      -0.848066428368094      -0.475248663861723     
   1.71875000000000      -0.845350916544183      -0.468247083063216     
   1.72656250000000      -0.843724353188548      -0.460025016824347     
   1.73437500000000      -0.843154963913082      -0.450754475168132     
   1.74218750000000      -0.843659802217701      -0.440553131220667     
   1.75000000000000      -0.845292376079105      -0.429506485620869     
   1.75781250000000      -0.848145143642829      -0.417675779516034     
   1.76562500000000      -0.852372048949185      -0.405094280617989     
   1.77343750000000      -0.858276053121244      -0.391734871367595     
   1.78125000000000      -0.867239809844776      -0.377136756108553     
   1.78906250000000      -0.879022821277002      -0.367183465891897     
   1.79687500000000      -0.889421445062081      -0.357928801689236     
   1.80468750000000      -0.899752493478045      -0.348746606232763     
   1.81250000000000      -0.910350580257637      -0.339499870757482     
   1.82031250000000      -0.921412853976840      -0.330123493146634     
   1.82812500000000      -0.933096452389543      -0.320576088568999     
   1.83593750000000      -0.945553963347434      -0.310823388855247     
   1.84375000000000      -0.958957229071240      -0.300828407429118     
   1.85156250000000      -0.973525886041968      -0.290541023159244     
   1.85937500000000      -0.989579635489351      -0.279879846303560     
   1.86718750000000       -1.00767014163896      -0.268686432017242     
   1.87500000000000       -1.02909623652218      -0.256542410830766     
   1.88281250000000       -1.06155276488106      -0.246916260807956     
   1.89062500000000       -1.08990110196947      -0.250954476058252     
   1.89843750000000       -1.11360127719742      -0.255957712864595     
   1.90625000000000       -1.13511690109867      -0.261310857224537     
   1.91406250000000       -1.15534158984001      -0.266864136630663     
   1.92187500000000       -1.17477566699968      -0.272571573260098     
   1.92968750000000       -1.19376690602423      -0.278430294823776     
   1.93750000000000       -1.21260066007108      -0.284465055928545     
   1.94531250000000       -1.23154970046631      -0.290727487585455     
   1.95312500000000       -1.25091731443356      -0.297305661352108     
   1.96093750000000       -1.27109758212736      -0.304349937848718     
   1.96875000000000       -1.29270129953714      -0.312141430113534     
   1.97656250000000       -1.31694601429829      -0.321329896385383     
   1.98437500000000       -1.34912242487188      -0.335737679412282     
   1.99218750000000       -1.36961148408992      -0.366877297013628     
   2.00000000000000       -1.38219131166954      -0.394509066862520     
   2.00781250000000       -1.39038243832843      -0.421065067943380     
   2.01562500000000       -1.39460385595294      -0.446822483725050     
   2.02343750000000       -1.39469328263733      -0.471601086488901     
   2.03125000000000       -1.39019577586358      -0.494807041939468     
   2.03906250000000       -1.38051752107153      -0.515276285477786     
   2.04687500000000       -1.36518431465628      -0.530996483218802     
   2.05468750000000       -1.34441974108972      -0.538783288700620     
   2.06250000000000       -1.32031382580603      -0.534208722303935     
   2.07031250000000       -1.29864486866807      -0.512580367640997     
   2.07812500000000       -1.29033476721023      -0.472138618057712     
   2.08593750000000       -1.31001078553398      -0.419023670445364     
   2.09375000000000       -1.38096852880535      -0.371223204412996     
   2.10156250000000       -1.44878170354020      -0.399253878854764     
   2.10937500000000       -1.48774190279526      -0.428126284214788     
   2.11718750000000       -1.51641032424242      -0.455826171767125     
   2.12500000000000       -1.53965082160558      -0.482343873712926     
   2.13281250000000       -1.55972078584389      -0.508124637387271     
   2.14062500000000       -1.57774438747136      -0.533670179364318     
   2.14843750000000       -1.59428847514643      -0.559402449605242     
   2.15625000000000       -1.60964532173669      -0.585661722165124     
   2.16406250000000       -1.62396661319428      -0.612750607266127     
   2.17187500000000       -1.63731897892304      -0.640988764603394     
   2.17968750000000       -1.64969534841734      -0.670779661687055     
   2.18750000000000       -1.66098737999583      -0.702720545407051     
   2.19531250000000       -1.67087640528985      -0.737863690674992     
   2.20312500000000       -1.67834604751221      -0.778712296123146     
   2.21093750000000       -1.66847112585080      -0.829864440912572     
   2.21875000000000       -1.64860899883204      -0.859913407709099     
   2.22656250000000       -1.63261482359218      -0.883830902442214     
   2.23437500000000       -1.61849873173645      -0.904674151055477     
   2.24218750000000       -1.60558277430225      -0.923460406008758     
   2.25000000000000       -1.59352503153013      -0.940696570908176     
   2.25781250000000       -1.58212418469192      -0.956679001674766     
   2.26562500000000       -1.57125230152688      -0.971595171288226     
   2.27343750000000       -1.56082581696126      -0.985567088188976     
   2.28125000000000       -1.55079166793690      -0.998671843956657     
   2.28906250000000       -1.54112101383756       -1.01095078918741     
   2.29687500000000       -1.53180818267957       -1.02241085672677     
   2.30468750000000       -1.52287562362505       -1.03301670804417     
   2.31250000000000       -1.51439117109653       -1.04266366938364     
   2.32031250000000       -1.50652793824008       -1.05108302534775     
   2.32812500000000       -1.50002856637563       -1.05709410435923     
   2.33593750000000       -1.49924325397241       -1.06521943040710     
   2.34375000000000       -1.49722262173580       -1.07604405909357     
   2.35156250000000       -1.49472749245603       -1.08766937600758     
   2.35937500000000       -1.49194556444947       -1.09981564844443     
   2.36718750000000       -1.48895456944572       -1.11238116768668     
   2.37500000000000       -1.48579170549637       -1.12533119306480     
   2.38281250000000       -1.48247375703199       -1.13866695454341     
   2.39062500000000       -1.47900466977173       -1.15241515954560     
   2.39843750000000       -1.47537837145566       -1.16662570520937     
   2.40625000000000       -1.47157902537305       -1.18137455322848     
   2.41406250000000       -1.46757908342676       -1.19677207285427     
   2.42187500000000       -1.46333426728431       -1.21298013839933     
   2.42968750000000       -1.45877244859211       -1.23024740143618     
   2.43750000000000       -1.45376678887457       -1.24899146521440     
   2.44531250000000       -1.44805325018669       -1.27004411359524     
   2.45312500000000       -1.44075356028663       -1.29602000871283     
   2.46093750000000       -1.41838212642115       -1.32372601556972     
   2.46875000000000       -1.39503638604978       -1.34048318486530     
   2.47656250000000       -1.37251000254791       -1.35364740056383     
   2.48437500000000       -1.35040176708800       -1.36429730114538     
   2.49218750000000       -1.32856951423051       -1.37283729923345     
   2.50000000000000       -1.30696224571425       -1.37944392857965     
   2.53125000000000       -1.22319905487968       -1.38691091667900     
   2.56250000000000       -1.14880264553145       -1.35809164310029     
   2.59375000000000       -1.14081934725130       -1.26175124023751     
   2.62500000000000       -1.21467512655139       -1.26748307681676     
   2.65625000000000       -1.26417700966212       -1.31554867895450     
   2.68750000000000       -1.30277746995545       -1.39341443338281     
   2.71875000000000       -1.33296504439297       -1.52095410200306     
   2.75000000000000       -1.22571920508993       -1.70157349266243     
   2.78125000000000       -1.07369949359584       -1.77585282549360     
   2.81250000000000      -0.914455540965522       -1.79511061690867     
   2.84375000000000      -0.756856064889120       -1.75180795049041     
   2.87500000000000      -0.649445774712700       -1.59659880440520     
   2.90625000000000      -0.698731642721365       -1.52479988836014     
   2.93750000000000      -0.719303230407755       -1.50618070289498     
   2.96875000000000      -0.729083334954041       -1.50632416964088     
   3.00000000000000      -0.731239307300741       -1.51991392699815     
   3.03125000000000      -0.717515769499841       -1.55329690122179     
   3.06250000000000      -0.677586056971681       -1.56711562821799     
   3.09375000000000      -0.641522026100983       -1.57108188066617     
   3.12500000000000      -0.607195206568186       -1.56980844409340     
   3.15625000000000      -0.574834841422722       -1.56351004619457     
   3.18750000000000      -0.546914426702657       -1.54877147760404     
   3.21875000000000      -0.536664705032970       -1.54114116776433     
   3.25000000000000      -0.522422006898771       -1.54141876318762     
   3.28125000000000      -0.506526903075479       -1.54441887467962     
   3.31250000000000      -0.489338910967243       -1.54970454350649     
   3.34375000000000      -0.470531021346256       -1.55828860933552     
   3.37500000000000      -0.440973730765061       -1.57040946752415     
   3.40625000000000      -0.408026750411366       -1.57122398326068     
   3.43750000000000      -0.376765781093934       -1.56697856601676     
   3.46875000000000      -0.347404796828217       -1.55813377833333     
   3.50000000000000      -0.321067302837004       -1.54364113904851     
   3.53125000000000      -0.301933448440931       -1.51837602697466     
   3.56250000000000      -0.315445604053995       -1.50458899863875     
   3.59375000000000      -0.320279375729354       -1.51224647722163     
   3.62500000000000      -0.319728611114139       -1.52739758559418     
   3.65625000000000      -0.314760349526509       -1.54915559134538     
   3.68750000000000      -0.304814497947922       -1.57896207517824     
   3.71875000000000      -0.285586053114605       -1.62453536156444     
   3.75000000000000      -0.222260585373097       -1.65985742489044     
   3.78125000000000      -0.165190550752473       -1.67004748881766     
   3.81250000000000      -0.111217835790283       -1.67210041833360     
   3.84375000000000      -5.911813894903627E-002  -1.66833818537609     
   3.87500000000000      -8.450575697174785E-003  -1.65974598483088     
   3.90625000000000       4.117571172804582E-002  -1.64700778276760     
   3.93750000000000       9.179003810983083E-002  -1.62869458080664     
   3.96875000000000       0.138982043238941       -1.60305757990219     
   4.00000000000000       0.182367402856224       -1.57205718807936     
   4.03125000000000       0.221349083275407       -1.53562154257669     
   4.06250000000000       0.254679241267621       -1.49327721371102     
   4.09375000000000       0.279812817997772       -1.44370067934363     
   4.12500000000000       0.284969408704202       -1.37933800893495     
   4.15625000000000       0.260103268727918       -1.35422855157415     
   4.18750000000000       0.251286931920128       -1.34183575959475     
   4.21875000000000       0.248671947206995       -1.33432497511080     
   4.25000000000000       0.250349043204809       -1.33024118698308     
   4.28125000000000       0.255794407776740       -1.32927214345204     
   4.31250000000000       0.265517597064461       -1.33202697284530     
   4.34375000000000       0.286595737767224       -1.34234885780451     
   4.37500000000000       0.320215987926689       -1.33393031585432     
   4.40625000000000       0.348098751890783       -1.31923842098539     
   4.43750000000000       0.373343410927430       -1.30143390890955     
   4.46875000000000       0.396553011724440       -1.28125819138920     
   4.50000000000000       0.417848702524664       -1.25898406185291     
   4.53125000000000       0.437075688135986       -1.23462912637947     
   4.56250000000000       0.453484829081863       -1.20766688670910     
   4.59375000000000       0.463650802708720       -1.18187340476201     
   4.62500000000000       0.473973425538040       -1.15814443249672     
   4.65625000000000       0.483561964906992       -1.13417051582662     
   4.68750000000000       0.491933068786658       -1.10959618595278     
   4.71875000000000       0.498629969103996       -1.08416612463116     
   4.75000000000000       0.502979063194813       -1.05754666062835     
   4.78125000000000       0.503548934233373       -1.02902837734643     
   4.81250000000000       0.490951142431226      -0.998681686157024     
   4.84375000000000       0.476334111751318      -0.988364140754059     
   4.87500000000000       0.468347400723563      -0.981775627919656     
   4.90625000000000       0.463861082085177      -0.977170913772269     
   4.93750000000000       0.462053834231230      -0.974097641072997     
   4.96875000000000       0.462696313375760      -0.972439672182628     
   5.00000000000000       0.465968957189638      -0.972319869913379     
   5.03125000000000       0.472774242227391      -0.974291454975517     
   5.06250000000000       0.490571059139164      -0.978803633226237     
   5.09375000000000       0.511526409729849      -0.967343340210678     
   5.12500000000000       0.527579054168385      -0.952693303448858     
   5.15625000000000       0.541126618096694      -0.936392815932494     
   5.18750000000000       0.552763546647205      -0.918878029428490     
   5.21875000000000       0.562672001826084      -0.900335190819552     
   5.25000000000000       0.570808852323514      -0.880826087619644     
   5.28125000000000       0.576856459858653      -0.860282448779702     
   5.31250000000000       0.579552010059090      -0.838216108130735     
   5.34375000000000       0.575444627946335      -0.821254599619297     
   5.37500000000000       0.574753122125153      -0.808302972787749     
   5.40625000000000       0.575261123437813      -0.795948664448416     
   5.43750000000000       0.576370416288005      -0.783907025689228     
   5.46875000000000       0.577827361468323      -0.772058806791279     
   5.50000000000000       0.579489929158493      -0.760339825160604     
   5.53125000000000       0.581262610404593      -0.748710764696675     
   5.56250000000000       0.583063281902606      -0.737144377593192     
   5.59375000000000       0.584738768955821      -0.725608123812979     
   5.62500000000000       0.586321652365313      -0.714633586224035     
   5.65625000000000       0.588238707642813      -0.703778695355964     
   5.68750000000000       0.590311285396910      -0.692976559563733     
   5.71875000000000       0.592514666972172      -0.682224218628645     
   5.75000000000000       0.594859872260620      -0.671528666634315     
   5.78125000000000       0.597392579464070      -0.660908269488946     
   5.81250000000000       0.600215556176174      -0.650401148628046     
   5.84375000000000       0.603564611910316      -0.640092266342753     
   5.87500000000000       0.608206876687451      -0.630256313932821     
   5.90625000000000       0.616710850759420      -0.616993977816644     
   5.93750000000000       0.621839148824841      -0.600107055164904     
   5.96875000000000       0.624957353643388      -0.582525163114186     
   6.00000000000000       0.626468914170238      -0.564449289974856     
   6.03125000000000       0.626452539051232      -0.545960002307484     
   6.06250000000000       0.624844101328675      -0.527091517101082     
   6.09375000000000       0.621449165597531      -0.507844392517635     
   6.12500000000000       0.615869629669839      -0.488174500381319     
   6.15625000000000       0.607215000864445      -0.467933861812493     
   6.18750000000000       0.591843256472190      -0.446370672077859     
   6.21875000000000       0.570107581053980      -0.440472021409036     
   6.25000000000000       0.556839841725387      -0.437734505805816     
   6.28125000000000       0.546598565054200      -0.435701670784890     
   6.31250000000000       0.538337018675136      -0.434131230110406     
   6.34375000000000       0.531596477289558      -0.432918428626624     
   6.37500000000000       0.526142289428138      -0.432011136463444     
   6.40625000000000       0.521865025767459      -0.431386972753987     
   6.43750000000000       0.518759613824470      -0.431048885666425     
   6.46875000000000       0.516972967426815      -0.431037477395253     
   6.50000000000000       0.517159788689468      -0.431519670500076     
   6.53125000000000       0.520885619341114      -0.428900800307733     
   6.56250000000000       0.522436107076512      -0.424112946236679     
   6.59375000000000       0.523303521573184      -0.419146906749410     
   6.62500000000000       0.523873277313511      -0.414102326124132     
   6.65625000000000       0.524303977120584      -0.409021018497418     
   6.68750000000000       0.524685818721620      -0.403926968964841     
   6.71875000000000       0.525084119350295      -0.398837383142238     
   6.75000000000000       0.525560483497341      -0.393767945327788     
   6.78125000000000       0.526193829453494      -0.388737726586375     
   6.81250000000000       0.527129660832120      -0.383780107913243     
   6.84375000000000       0.528972939547147      -0.379028257677381     
   6.87500000000000       0.531414788020037      -0.371908448617777     
   6.90625000000000       0.532604790634930      -0.364451987471398     
   6.93750000000000       0.533251793267171      -0.356881120951163     
   6.96875000000000       0.533483419793937      -0.349229572111782     
   7.00000000000000       0.533345231436452      -0.341512645886793     
   7.03125000000000       0.532846232275156      -0.333737901120164     
   7.06250000000000       0.531968495853025      -0.325907908620220     
   7.09375000000000       0.530663417464952      -0.318020395958311     
   7.12500000000000       0.528832288856484      -0.310065959374674     
   7.15625000000000       0.526261999050012      -0.302019420315013     
   7.18750000000000       0.522276409402228      -0.293790787440050     
   7.21875000000000       0.515691838564829      -0.288910167907172     
   7.25000000000000       0.511847469414147      -0.285985303539928     
   7.28125000000000       0.509123103604904      -0.283230315385416     
   7.31250000000000       0.507135495703743      -0.280586767455971     
   7.34375000000000       0.505737115783246      -0.278031357136145     
   7.37500000000000       0.504861072382511      -0.275552793793979     
   7.40625000000000       0.504482353226812      -0.273145947897557     
   7.43750000000000       0.504605865545618      -0.270809973908106     
   7.46875000000000       0.505266289419955      -0.268548145313126     
   7.50000000000000       0.506540477808682      -0.266369424870312     
   7.53125000000000       0.508594347112812      -0.264294696669923     
   7.56250000000000       0.512000508440567      -0.262399581860361     
   7.59375000000000       0.516881036539663      -0.258063987134093     
   7.62500000000000       0.520654964053615      -0.253167519296132     
   7.65625000000000       0.524388246585233      -0.248246157657640     
   7.68750000000000       0.528377537811802      -0.243338128722830     
   7.71875000000000       0.532858099284237      -0.238470850127208     
   7.75000000000000       0.538098421373481      -0.233673240296014     
   7.78125000000000       0.544468011691729      -0.228983361449587     
   7.81250000000000       0.552542999328687      -0.224459415798686     
   7.84375000000000       0.563333736934390      -0.220203045343837     
   7.87500000000000       0.578898475341773      -0.216422369336171     
   7.90625000000000       0.604583176876399      -0.213664376450867     
   7.93750000000000       0.664654047221429      -0.214463515281285     
   7.96875000000000       0.679535644197996       4.836549662070453E-018
   8.00000000000000       0.592978587159412       6.647374803195226E-019
   8.03125000000000       0.552247691851904       2.509807446453139E-018
   8.06250000000000       0.524450585954475      -4.584871030488665E-018
   8.09375000000000       0.502956687085810       6.436608982961263E-019
   8.12500000000000       0.485240982604655      -1.750729916439474E-018
   8.15625000000000       0.470063189876920       4.679032852819240E-018
   8.18750000000000       0.456718952367348      -4.584947520181933E-019
   8.21875000000000       0.444768326243917       1.539279747386401E-019
   8.25000000000000       0.433917288859035      -1.077151114276535E-017
   8.28125000000000       0.423959118046215      -6.300454417416609E-018
   8.31250000000000       0.414742616472163      -4.753966548472296E-018
   8.34375000000000       0.406153641038574       7.238244741184369E-020
   8.37500000000000       0.398103755768776      -7.128071917877139E-018
   8.40625000000000       0.390522940325707       9.270850710590897E-019
   8.43750000000000       0.383354726642575       7.512864892687533E-018
   8.46875000000000       0.376552851318102      -1.864220148513358E-018
   8.50000000000000       0.370078888503678       7.969141848758271E-018
   8.53125000000000       0.363900536634734      -4.189602633071834E-018
   8.56250000000000       0.357990352824751      -2.339670567794337E-018
   8.59375000000000       0.352324801041028      -5.050018604760865E-018
   8.62500000000000       0.346883524728353      -4.145983593941480E-019
   8.65625000000000       0.341648782871310      -1.196230869603211E-018
   8.68750000000000       0.336605007221973      -1.899786248867057E-018
   8.71875000000000       0.331738450512105       9.639624908955437E-019
   8.75000000000000       0.327036903959021      -7.122778775057199E-018
   8.78125000000000       0.322489468286708       2.931849494687894E-018
   8.81250000000000       0.318086366378666       2.308542178548034E-018
   8.84375000000000       0.313818788823459      -2.547581234661260E-019
   8.87500000000000       0.309678765506884      -4.355465427914333E-018
   8.90625000000000       0.305659058234945      -1.230416111269447E-018
   8.93750000000000       0.301753070235641       2.429198603665323E-018
   8.96875000000000       0.297954769528027      -5.472831176050192E-018
   9.00000000000000       0.294258623573865       2.487740739838259E-019
   9.03125000000000       0.290659543322765      -4.146272499274818E-018
   9.06250000000000       0.287152835039672       2.016036084299666E-018
   9.09375000000000       0.283734158627465      -3.220933610542238E-018
   9.12500000000000       0.280399491405244       1.523256855158043E-018
   9.15625000000000       0.277145096546462       2.860824427603382E-018
   9.18750000000000       0.273967495403243       1.769580817703341E-018
   9.21875000000000       0.270863443186450       1.235532830663819E-018
   9.25000000000000       0.267829907533480       3.293102950141568E-018
   9.28125000000000       0.264864049492802      -1.787426176410498E-018
   9.31250000000000       0.261963206687108      -3.205678091168372E-018
   9.34375000000000       0.259124878294288       9.884183637788449E-019
   9.37500000000000       0.256346711627319      -1.872994084805223E-018
   9.40625000000000       0.253626490147096      -3.667447000436474E-018
   9.43750000000000       0.250962122656867      -2.426893640242972E-018
   9.46875000000000       0.248351633609116       2.030452970981297E-018
   9.50000000000000       0.245793154331969      -7.140309566184140E-019
   9.53125000000000       0.243284915121402       4.747790356799409E-018
   9.56250000000000       0.240825238068653       1.210738091783488E-018
   9.59375000000000       0.238412530499430       3.553461514524193E-018
   9.62500000000000       0.236045279084049       9.797687270370458E-020
   9.65625000000000       0.233722044396434      -6.463745995463145E-019
   9.68750000000000       0.231441455985431       6.328487388947613E-019
   9.71875000000000       0.229202207826764      -5.152356361711930E-019
   9.75000000000000       0.227003054207445       3.647611071797786E-019
   9.78125000000000       0.224842805880235      -2.277890938294539E-018
   9.81250000000000       0.222720326590122       2.997229942066400E-018
   9.84375000000000       0.220634529812494       2.051150167781261E-018
   9.87500000000000       0.218584375795986       2.538302097930868E-018
   9.90625000000000       0.216568868824807       4.873330255848179E-019
   9.93750000000000       0.214587054635373       6.581682474177938E-019
   9.96875000000000       0.212638018075173      -6.927780311867595E-019
   10.0000000000000       0.210720880920576       4.414901857380010E-020
   11.0000000000000       0.191564437200524       0.000000000000000E+000
   12.0000000000000       0.175600734100480       0.000000000000000E+000
   13.0000000000000       0.162092985323520       0.000000000000000E+000
   14.0000000000000       0.150514914943269       0.000000000000000E+000
   15.0000000000000       0.140480587280384       0.000000000000000E+000
   16.0000000000000       0.131700550575360       0.000000000000000E+000
   17.0000000000000       0.123953459365045       0.000000000000000E+000
   18.0000000000000       0.117067156066987       0.000000000000000E+000
   19.0000000000000       0.110905726800303       0.000000000000000E+000
   20.0000000000000       0.105360440460288       0.000000000000000E+000
   21.0000000000000       0.100343276628846       0.000000000000000E+000
   22.0000000000000       9.578221860026183E-002  0.000000000000000E+000
   23.0000000000000       9.161777431329392E-002  0.000000000000000E+000
   24.0000000000000       8.780036705024001E-002  0.000000000000000E+000
   25.0000000000000       8.428835236823040E-002  0.000000000000000E+000
   26.0000000000000       8.104649266176001E-002  0.000000000000000E+000
   27.0000000000000       7.804477071132444E-002  0.000000000000000E+000
   28.0000000000000       7.525745747163429E-002  0.000000000000000E+000
   29.0000000000000       7.266237273123310E-002  0.000000000000000E+000
   30.0000000000000       7.024029364019201E-002  0.000000000000000E+000
   31.0000000000000       6.797447771631485E-002  0.000000000000000E+000
   32.0000000000000       6.585027528768000E-002  0.000000000000000E+000
   33.0000000000000       6.385481240017454E-002  0.000000000000000E+000
   34.0000000000000       6.197672968252236E-002  0.000000000000000E+000
   35.0000000000000       6.020596597730743E-002  0.000000000000000E+000
   36.0000000000000       5.853357803349334E-002  0.000000000000000E+000
   37.0000000000000       5.695158943799352E-002  0.000000000000000E+000
   38.0000000000000       5.545286340015158E-002  0.000000000000000E+000
   39.0000000000000       5.403099510784001E-002  0.000000000000000E+000
   40.0000000000000       5.268022023014400E-002  0.000000000000000E+000
   41.0000000000000       5.139533680989659E-002  0.000000000000000E+000
   42.0000000000000       5.017163831442286E-002  0.000000000000000E+000
   43.0000000000000       4.900485602804094E-002  0.000000000000000E+000
   44.0000000000000       4.789110930013091E-002  0.000000000000000E+000
   45.0000000000000       4.682686242679467E-002  0.000000000000000E+000
   46.0000000000000       4.580888715664696E-002  0.000000000000000E+000
   47.0000000000000       4.483422998310128E-002  0.000000000000000E+000
   48.0000000000000       4.390018352512001E-002  0.000000000000000E+000
   49.0000000000000       4.300426141236245E-002  0.000000000000000E+000
   50.0000000000000       4.214417618411520E-002  0.000000000000000E+000
   51.0000000000000       4.131781978834824E-002  0.000000000000000E+000
   52.0000000000000       4.052324633088000E-002  0.000000000000000E+000
   53.0000000000000       3.975865677746717E-002  0.000000000000000E+000
   54.0000000000000       3.902238535566222E-002  0.000000000000000E+000
   55.0000000000000       3.831288744010473E-002  0.000000000000000E+000
   56.0000000000000       3.762872873581714E-002  0.000000000000000E+000
   57.0000000000000       3.696857560010106E-002  0.000000000000000E+000
   58.0000000000000       3.633118636561655E-002  0.000000000000000E+000
   59.0000000000000       3.571540354586034E-002  0.000000000000000E+000
   60.0000000000000       3.512014682009600E-002  0.000000000000000E+000
   61.0000000000000       3.454440670829115E-002  0.000000000000000E+000
   62.0000000000000       3.398723885815742E-002  0.000000000000000E+000
   63.0000000000000       3.344775887628191E-002  0.000000000000000E+000
   64.0000000000000       3.292513764384000E-002  0.000000000000000E+000
   65.0000000000000       3.241859706470400E-002  0.000000000000000E+000
   66.0000000000000       3.192740620008727E-002  0.000000000000000E+000
   67.0000000000000       3.145087774933970E-002  0.000000000000000E+000
   68.0000000000000       3.098836484126118E-002  0.000000000000000E+000
   69.0000000000000       3.053925810443131E-002  0.000000000000000E+000
   70.0000000000000       3.010298298865371E-002  0.000000000000000E+000
   71.0000000000000       2.967899731275719E-002  0.000000000000000E+000
   72.0000000000000       2.926678901674667E-002  0.000000000000000E+000
   73.0000000000000       2.886587409870904E-002  0.000000000000000E+000
   74.0000000000000       2.847579471899676E-002  0.000000000000000E+000
   75.0000000000000       2.809611745607680E-002  0.000000000000000E+000
   76.0000000000000       2.772643170007579E-002  0.000000000000000E+000
   77.0000000000000       2.736634817150338E-002  0.000000000000000E+000
   78.0000000000000       2.701549755392000E-002  0.000000000000000E+000
   79.0000000000000       2.667352923045266E-002  0.000000000000000E+000
   80.0000000000000       2.634011011507200E-002  0.000000000000000E+000
   81.0000000000000       2.601492357044148E-002  0.000000000000000E+000
   82.0000000000000       2.569766840494829E-002  0.000000000000000E+000
   83.0000000000000       2.538805794223807E-002  0.000000000000000E+000
   84.0000000000000       2.508581915721143E-002  0.000000000000000E+000
   85.0000000000000       2.479069187300894E-002  0.000000000000000E+000
   86.0000000000000       2.450242801402047E-002  0.000000000000000E+000
   87.0000000000000       2.422079091041104E-002  0.000000000000000E+000
   88.0000000000000       2.394555465006546E-002  0.000000000000000E+000
   89.0000000000000       2.367650347422202E-002  0.000000000000000E+000
   90.0000000000000       2.341343121339734E-002  0.000000000000000E+000
   91.0000000000000       2.315614076050286E-002  0.000000000000000E+000
   92.0000000000000       2.290444357832348E-002  0.000000000000000E+000
   93.0000000000000       2.265815923877161E-002  0.000000000000000E+000
   94.0000000000000       2.241711499155064E-002  0.000000000000000E+000
   95.0000000000000       2.218114536006063E-002  0.000000000000000E+000
   96.0000000000000       2.195009176256000E-002  0.000000000000000E+000
   97.0000000000000       2.172380215676041E-002  0.000000000000000E+000
   98.0000000000000       2.150213070618123E-002  0.000000000000000E+000
   99.0000000000000       2.128493746672485E-002  0.000000000000000E+000
   100.000000000000       2.107208809205760E-002  0.000000000000000E+000
   101.000000000000       2.086345355649268E-002  0.000000000000000E+000
   102.000000000000       2.065890989417412E-002  0.000000000000000E+000
   103.000000000000       2.045833795345398E-002  0.000000000000000E+000
   104.000000000000       2.026162316544000E-002  0.000000000000000E+000
   105.000000000000       2.006865532576915E-002  0.000000000000000E+000
   106.000000000000       1.987932838873359E-002  0.000000000000000E+000
   107.000000000000       1.969354027295103E-002  0.000000000000000E+000
   108.000000000000       1.951119267783111E-002  0.000000000000000E+000
   109.000000000000       1.933219091014459E-002  0.000000000000000E+000
   110.000000000000       1.915644372005236E-002  0.000000000000000E+000
   111.000000000000       1.898386314599784E-002  0.000000000000000E+000
   112.000000000000       1.881436436790857E-002  0.000000000000000E+000
   113.000000000000       1.864786556819257E-002  0.000000000000000E+000
   114.000000000000       1.848428780005053E-002  0.000000000000000E+000
   115.000000000000       1.832355486265878E-002  0.000000000000000E+000
   116.000000000000       1.816559318280828E-002  0.000000000000000E+000
   117.000000000000       1.801033170261333E-002  0.000000000000000E+000
   118.000000000000       1.785770177293017E-002  0.000000000000000E+000
   119.000000000000       1.770763705214925E-002  0.000000000000000E+000
   120.000000000000       1.756007341004800E-002  0.000000000000000E+000
   121.000000000000       1.741494883641124E-002  0.000000000000000E+000
   122.000000000000       1.727220335414557E-002  0.000000000000000E+000
   123.000000000000       1.713177893663220E-002  0.000000000000000E+000
   124.000000000000       1.699361942907871E-002  0.000000000000000E+000
   125.000000000000       1.685767047364608E-002  0.000000000000000E+000
   126.000000000000       1.672387943814095E-002  0.000000000000000E+000
   127.000000000000       1.659219534807685E-002  0.000000000000000E+000
   128.000000000000       1.646256882192000E-002  0.000000000000000E+000
   129.000000000000       1.633495200934698E-002  0.000000000000000E+000
   130.000000000000       1.620929853235200E-002  0.000000000000000E+000
   131.000000000000       1.608556342905160E-002  0.000000000000000E+000
   132.000000000000       1.596370310004364E-002  0.000000000000000E+000
   133.000000000000       1.584367525718617E-002  0.000000000000000E+000
   134.000000000000       1.572543887466985E-002  0.000000000000000E+000
   135.000000000000       1.560895414226489E-002  0.000000000000000E+000
   136.000000000000       1.549418242063059E-002  0.000000000000000E+000
   137.000000000000       1.538108619858219E-002  0.000000000000000E+000
   138.000000000000       1.526962905221565E-002  0.000000000000000E+000
   139.000000000000       1.515977560579683E-002  0.000000000000000E+000
   140.000000000000       1.505149149432686E-002  0.000000000000000E+000
   141.000000000000       1.494474332770043E-002  0.000000000000000E+000
   142.000000000000       1.483949865637859E-002  0.000000000000000E+000
   143.000000000000       1.473572593850182E-002  0.000000000000000E+000
   144.000000000000       1.463339450837333E-002  0.000000000000000E+000
   145.000000000000       1.453247454624662E-002  0.000000000000000E+000
   146.000000000000       1.443293704935452E-002  0.000000000000000E+000
   147.000000000000       1.433475380412082E-002  0.000000000000000E+000
   148.000000000000       1.423789735949838E-002  0.000000000000000E+000
   149.000000000000       1.414234100138094E-002  0.000000000000000E+000
   150.000000000000       1.404805872803840E-002  0.000000000000000E+000
   151.000000000000       1.395502522652821E-002  0.000000000000000E+000
   152.000000000000       1.386321585003790E-002  0.000000000000000E+000
   153.000000000000       1.377260659611608E-002  0.000000000000000E+000
   154.000000000000       1.368317408575169E-002  0.000000000000000E+000
   155.000000000000       1.359489554326297E-002  0.000000000000000E+000
   156.000000000000       1.350774877696000E-002  0.000000000000000E+000
   157.000000000000       1.342171216054624E-002  0.000000000000000E+000
   158.000000000000       1.333676461522633E-002  0.000000000000000E+000
   159.000000000000       1.325288559248906E-002  0.000000000000000E+000
   160.000000000000       1.317005505753600E-002  0.000000000000000E+000
   161.000000000000       1.308825347332770E-002  0.000000000000000E+000
   162.000000000000       1.300746178522074E-002  0.000000000000000E+000
   163.000000000000       1.292766140617031E-002  0.000000000000000E+000
   164.000000000000       1.284883420247415E-002  0.000000000000000E+000
   165.000000000000       1.277096248003491E-002  0.000000000000000E+000
   166.000000000000       1.269402897111904E-002  0.000000000000000E+000
   167.000000000000       1.261801682159138E-002  0.000000000000000E+000
   168.000000000000       1.254290957860572E-002  0.000000000000000E+000
   169.000000000000       1.246869117873231E-002  0.000000000000000E+000
   170.000000000000       1.239534593650447E-002  0.000000000000000E+000
   171.000000000000       1.232285853336702E-002  0.000000000000000E+000
   172.000000000000       1.225121400701023E-002  0.000000000000000E+000
   173.000000000000       1.218039774107376E-002  0.000000000000000E+000
   174.000000000000       1.211039545520552E-002  0.000000000000000E+000
   175.000000000000       1.204119319546149E-002  0.000000000000000E+000
   176.000000000000       1.197277732503273E-002  0.000000000000000E+000
   177.000000000000       1.190513451528678E-002  0.000000000000000E+000
   178.000000000000       1.183825173711101E-002  0.000000000000000E+000
   179.000000000000       1.177211625254615E-002  0.000000000000000E+000
   180.000000000000       1.170671560669867E-002  0.000000000000000E+000
   181.000000000000       1.164203761992133E-002  0.000000000000000E+000
   182.000000000000       1.157807038025143E-002  0.000000000000000E+000
   183.000000000000       1.151480223609705E-002  0.000000000000000E+000
   184.000000000000       1.145222178916174E-002  0.000000000000000E+000
   185.000000000000       1.139031788759870E-002  0.000000000000000E+000
   186.000000000000       1.132907961938581E-002  0.000000000000000E+000
   187.000000000000       1.126849630591316E-002  0.000000000000000E+000
   188.000000000000       1.120855749577532E-002  0.000000000000000E+000
   189.000000000000       1.114925295876064E-002  0.000000000000000E+000
   190.000000000000       1.109057268003032E-002  0.000000000000000E+000
   191.000000000000       1.103250685448042E-002  0.000000000000000E+000
   192.000000000000       1.097504588128000E-002  0.000000000000000E+000
   193.000000000000       1.091818035857907E-002  0.000000000000000E+000
   194.000000000000       1.086190107838021E-002  0.000000000000000E+000
   195.000000000000       1.080619902156800E-002  0.000000000000000E+000
   196.000000000000       1.075106535309061E-002  0.000000000000000E+000
   197.000000000000       1.069649141728812E-002  0.000000000000000E+000
   198.000000000000       1.064246873336243E-002  0.000000000000000E+000
   199.000000000000       1.058898899098372E-002  0.000000000000000E+000
   200.000000000000       1.053604404602880E-002  0.000000000000000E+000
   201.000000000000       1.048362591644657E-002  0.000000000000000E+000
   202.000000000000       1.043172677824634E-002  0.000000000000000E+000
   203.000000000000       1.038033896160473E-002  0.000000000000000E+000
   204.000000000000       1.032945494708706E-002  0.000000000000000E+000
   205.000000000000       1.027906736197932E-002  0.000000000000000E+000
   206.000000000000       1.022916897672699E-002  0.000000000000000E+000
   207.000000000000       1.017975270147710E-002  0.000000000000000E+000
   208.000000000000       1.013081158272000E-002  0.000000000000000E+000
   209.000000000000       1.008233880002756E-002  0.000000000000000E+000
   210.000000000000       1.003432766288457E-002  0.000000000000000E+000
   211.000000000000       9.986771607610238E-003  0.000000000000000E+000
   212.000000000000       9.939664194366793E-003  0.000000000000000E+000
   213.000000000000       9.892999104252394E-003  0.000000000000000E+000
   214.000000000000       9.846770136475514E-003  0.000000000000000E+000
   215.000000000000       9.800971205608187E-003  0.000000000000000E+000
   216.000000000000       9.755596338915555E-003  0.000000000000000E+000
   217.000000000000       9.710639673759264E-003  0.000000000000000E+000
   218.000000000000       9.666095455072294E-003  0.000000000000000E+000
   219.000000000000       9.621958032903014E-003  0.000000000000000E+000
   220.000000000000       9.578221860026182E-003  0.000000000000000E+000
   221.000000000000       9.534881489618825E-003  0.000000000000000E+000
   222.000000000000       9.491931572998919E-003  0.000000000000000E+000
   223.000000000000       9.449366857424934E-003  0.000000000000000E+000
   224.000000000000       9.407182183954286E-003  0.000000000000000E+000
   225.000000000000       9.365372485358934E-003  0.000000000000000E+000
   226.000000000000       9.323932784096284E-003  0.000000000000000E+000
   227.000000000000       9.282858190333745E-003  0.000000000000000E+000
   228.000000000000       9.242143900025264E-003  0.000000000000000E+000
   229.000000000000       9.201785193038254E-003  0.000000000000000E+000
   230.000000000000       9.161777431329392E-003  0.000000000000000E+000
   231.000000000000       9.122116057167793E-003  0.000000000000000E+000
   232.000000000000       9.082796591404138E-003  0.000000000000000E+000
   233.000000000000       9.043814631784379E-003  0.000000000000000E+000
   234.000000000000       9.005165851306667E-003  0.000000000000000E+000
   235.000000000000       8.966845996620256E-003  0.000000000000000E+000
   236.000000000000       8.928850886465086E-003  0.000000000000000E+000
   237.000000000000       8.891176410150886E-003  0.000000000000000E+000
   238.000000000000       8.853818526074623E-003  0.000000000000000E+000
   239.000000000000       8.816773260275147E-003  0.000000000000000E+000
   240.000000000000       8.780036705024001E-003  0.000000000000000E+000
   241.000000000000       8.743605017451287E-003  0.000000000000000E+000
   242.000000000000       8.707474418205621E-003  0.000000000000000E+000
   243.000000000000       8.671641190147161E-003  0.000000000000000E+000
   244.000000000000       8.636101677072787E-003  0.000000000000000E+000
   245.000000000000       8.600852282472491E-003  0.000000000000000E+000
   246.000000000000       8.565889468316098E-003  0.000000000000000E+000
   247.000000000000       8.531209753869473E-003  0.000000000000000E+000
   248.000000000000       8.496809714539356E-003  0.000000000000000E+000
   249.000000000000       8.462685980746025E-003  0.000000000000000E+000
   250.000000000000       8.428835236823041E-003  0.000000000000000E+000
   251.000000000000       8.395254219943268E-003  0.000000000000000E+000
   252.000000000000       8.361939719070477E-003  0.000000000000000E+000
   253.000000000000       8.328888573935812E-003  0.000000000000000E+000
   254.000000000000       8.296097674038426E-003  0.000000000000000E+000
   255.000000000000       8.263563957669648E-003  0.000000000000000E+000
   256.000000000000       8.231284410960001E-003  0.000000000000000E+000
   257.000000000000       8.199256066948483E-003  0.000000000000000E+000
   258.000000000000       8.167476004673489E-003  0.000000000000000E+000
   259.000000000000       8.135941348284789E-003  0.000000000000000E+000
   260.000000000000       8.104649266176000E-003  0.000000000000000E+000
   261.000000000000       8.073596970137011E-003  0.000000000000000E+000
   262.000000000000       8.042781714525802E-003  0.000000000000000E+000
   263.000000000000       8.012200795459164E-003  0.000000000000000E+000
   264.000000000000       7.981851550021818E-003  0.000000000000000E+000
   265.000000000000       7.951731355493435E-003  0.000000000000000E+000
   266.000000000000       7.921837628593083E-003  0.000000000000000E+000
   267.000000000000       7.892167824740675E-003  0.000000000000000E+000
   268.000000000000       7.862719437334926E-003  0.000000000000000E+000
   269.000000000000       7.833489997047435E-003  0.000000000000000E+000
   270.000000000000       7.804477071132445E-003  0.000000000000000E+000
   271.000000000000       7.775678262751882E-003  0.000000000000000E+000
   272.000000000000       7.747091210315295E-003  0.000000000000000E+000
   273.000000000000       7.718713586834286E-003  0.000000000000000E+000
   274.000000000000       7.690543099291096E-003  0.000000000000000E+000
   275.000000000000       7.662577488020946E-003  0.000000000000000E+000
   276.000000000000       7.634814526107827E-003  0.000000000000000E+000
   277.000000000000       7.607252018793358E-003  0.000000000000000E+000
   278.000000000000       7.579887802898417E-003  0.000000000000000E+000
   279.000000000000       7.552719746257205E-003  0.000000000000000E+000
   280.000000000000       7.525745747163429E-003  0.000000000000000E+000
   281.000000000000       7.498963733828328E-003  0.000000000000000E+000
   282.000000000000       7.472371663850213E-003  0.000000000000000E+000
   283.000000000000       7.445967523695265E-003  0.000000000000000E+000
   284.000000000000       7.419749328189297E-003  0.000000000000000E+000
   285.000000000000       7.393715120020211E-003  0.000000000000000E+000
   286.000000000000       7.367862969250910E-003  0.000000000000000E+000
   287.000000000000       7.342190972842370E-003  0.000000000000000E+000
   288.000000000000       7.316697254186667E-003  0.000000000000000E+000
   289.000000000000       7.291379962649689E-003  0.000000000000000E+000
   290.000000000000       7.266237273123310E-003  0.000000000000000E+000
   291.000000000000       7.241267385586805E-003  0.000000000000000E+000
   292.000000000000       7.216468524677261E-003  0.000000000000000E+000
   293.000000000000       7.191838939268806E-003  0.000000000000000E+000
   294.000000000000       7.167376902060409E-003  0.000000000000000E+000
   295.000000000000       7.143080709172069E-003  0.000000000000000E+000
   296.000000000000       7.118948679749190E-003  0.000000000000000E+000
   297.000000000000       7.094979155574950E-003  0.000000000000000E+000
   298.000000000000       7.071170500690470E-003  0.000000000000000E+000
   299.000000000000       7.047521101022609E-003  0.000000000000000E+000
   300.000000000000       7.024029364019200E-003  0.000000000000000E+000
   301.000000000000       7.000693718291562E-003  0.000000000000000E+000
   302.000000000000       6.977512613264106E-003  0.000000000000000E+000
   303.000000000000       6.954484518830892E-003  0.000000000000000E+000
   304.000000000000       6.931607925018948E-003  0.000000000000000E+000
   305.000000000000       6.908881341658230E-003  0.000000000000000E+000
   306.000000000000       6.886303298058040E-003  0.000000000000000E+000
   307.000000000000       6.863872342689772E-003  0.000000000000000E+000
   308.000000000000       6.841587042875845E-003  0.000000000000000E+000
   309.000000000000       6.819445984484661E-003  0.000000000000000E+000
   310.000000000000       6.797447771631484E-003  0.000000000000000E+000
