  0.000000000000000E+000 -0.537269015784247      -5.728004957344717E-018
  7.812500000000000E-003 -0.537691470564627      -7.977251123754208E-004
  1.562500000000000E-002 -0.539127967534347      -2.547278011220679E-003
  2.343750000000000E-002 -0.540064429890024      -5.272042419311013E-003
  3.125000000000000E-002 -0.540618680904806      -7.958294869779795E-003
  3.906250000000000E-002 -0.539853588545921      -1.077409959514499E-002
  4.687500000000000E-002 -0.540767850237783      -1.158783426730965E-002
  5.468750000000000E-002 -0.541958474846935      -1.460372742268237E-002
  6.250000000000000E-002 -0.542719833170987      -1.751028680737281E-002
  7.031250000000000E-002 -0.543803676593566      -2.122756080321989E-002
  7.812500000000000E-002 -0.544080852139514      -2.785434116106880E-002
  8.593750000000000E-002 -0.535250514318302      -3.075406794646066E-002
  9.375000000000000E-002 -0.532482323945001      -2.803000334855368E-002
  0.101562500000000      -0.531485599711248      -2.359218919165973E-002
  0.109375000000000      -0.536126831953333      -1.861427223089336E-002
  0.117187500000000      -0.542550119222396      -2.051279597302633E-002
  0.125000000000000      -0.548341834364111      -2.325247740107554E-002
  0.132812500000000      -0.550517509750721      -2.643940579844377E-002
  0.140625000000000      -0.555623211179437      -2.860297342625630E-002
  0.148437500000000      -0.561240834438059      -3.415673242277378E-002
  0.156250000000000      -0.565830595863560      -4.169439477138346E-002
  0.164062500000000      -0.566249637133241      -5.037894353891757E-002
  0.171875000000000      -0.566686409976912      -5.766256528246371E-002
  0.179687500000000      -0.564087600273119      -6.552971305143548E-002
  0.187500000000000      -0.561749532511284      -7.075908703690599E-002
  0.195312500000000      -0.557819877590023      -7.697966053815809E-002
  0.203125000000000      -0.553044864606698      -7.590747285855025E-002
  0.210937500000000      -0.554642915041801      -7.558380139644162E-002
  0.218750000000000      -0.558836438724822      -8.064980547978266E-002
  0.226562500000000      -0.559289648760370      -8.835404164262992E-002
  0.234375000000000      -0.556593876575468      -9.867264822485114E-002
  0.242187500000000      -0.545230068715861      -0.104294211800641     
  0.250000000000000      -0.536420893520697      -0.104155848880472     
  0.257812500000000      -0.528300141146496      -0.102622665747563     
  0.265625000000000      -0.520221577051145      -9.231252534801637E-002
  0.273437500000000      -0.519746539032664      -8.073042147527547E-002
  0.281250000000000      -0.526511418911502      -6.274200622495552E-002
  0.289062500000000      -0.548007288810567      -6.408599223337610E-002
  0.296875000000000      -0.559415471950553      -7.079198692724506E-002
  0.304687500000000      -0.567662099415424      -8.004505784181094E-002
  0.312500000000000      -0.568219294083889      -8.887236389800407E-002
  0.320312500000000      -0.568817501149007      -9.369329352672087E-002
  0.328125000000000      -0.570004516924987      -9.705328174039277E-002
  0.335937500000000      -0.571406623039266      -9.976889442233169E-002
  0.343750000000000      -0.574105262200855      -0.100753781324534     
  0.351562500000000      -0.579638446638758      -0.101192157211501     
  0.359375000000000      -0.590782824290877      -0.104534992984391     
  0.367187500000000      -0.598750667715445      -0.115078856553126     
  0.375000000000000      -0.604021955306406      -0.126865975365831     
  0.382812500000000      -0.607166828731216      -0.141424332121131     
  0.390625000000000      -0.599632970608470      -0.156324781235849     
  0.398437500000000      -0.591466517504531      -0.162911522055658     
  0.406250000000000      -0.583437971597778      -0.165347520879268     
  0.414062500000000      -0.577275017970178      -0.160441620488474     
  0.421875000000000      -0.583129965509061      -0.158026732112652     
  0.429687500000000      -0.587439205768041      -0.159783794046493     
  0.437500000000000      -0.591667085776059      -0.162456531854463     
  0.445312500000000      -0.596752607387004      -0.165480199308209     
  0.453125000000000      -0.602177138302847      -0.170924894866941     
  0.460937500000000      -0.607107446272927      -0.176873385521599     
  0.468750000000000      -0.612375504291879      -0.183627523586500     
  0.476562500000000      -0.618253929198613      -0.192733562707682     
  0.484375000000000      -0.619475433217055      -0.202454092257434     
  0.492187500000000      -0.622242670531504      -0.210091643569060     
  0.500000000000000      -0.626634283510014      -0.218724262940727     
  0.507812500000000      -0.632238963077240      -0.230750918275188     
  0.515625000000000      -0.631603961438964      -0.247903667181768     
  0.523437500000000      -0.627574058883708      -0.260220802727397     
  0.531250000000000      -0.623321728009988      -0.271011645347363     
  0.539062500000000      -0.618501826521896      -0.281016257373942     
  0.546875000000000      -0.611642284205942      -0.290233276143992     
  0.554687500000000      -0.606374280455446      -0.294091841164367     
  0.562500000000000      -0.604101175065818      -0.299147557935703     
  0.570312500000000      -0.602322314715934      -0.305680414470015     
  0.578125000000000      -0.599613768253973      -0.312981855330333     
  0.585937500000000      -0.596089056208658      -0.319186510000247     
  0.593750000000000      -0.593574163535679      -0.325221125338343     
  0.601562500000000      -0.590944336439215      -0.331624181436474     
  0.609375000000000      -0.587876777169855      -0.338169920899501     
  0.617187500000000      -0.583764831122794      -0.344556886198325     
  0.625000000000000      -0.577616336361502      -0.347148330078085     
  0.632812500000000      -0.577642335727352      -0.348577923998526     
  0.640625000000000      -0.578637795349065      -0.352157490452690     
  0.648437500000000      -0.580095269676453      -0.356737799160615     
  0.656250000000000      -0.582182965503259      -0.361898221170907     
  0.664062500000000      -0.586326772881384      -0.367540105184550     
  0.671875000000000      -0.590031038516660      -0.378530495231263     
  0.679687500000000      -0.591548540413515      -0.389482716236537     
  0.687500000000000      -0.592303529636010      -0.400926251011280     
  0.695312500000000      -0.592280772134694      -0.413036842160683     
  0.703125000000000      -0.591072303907589      -0.425777079429503     
  0.710937500000000      -0.588454880594390      -0.437264551755317     
  0.718750000000000      -0.587603115607460      -0.448904392766931     
  0.726562500000000      -0.587080452569823      -0.462301150313730     
  0.734375000000000      -0.586151404638711      -0.478092745980557     
  0.742187500000000      -0.583349763412517      -0.497276636480206     
  0.750000000000000      -0.574182327227806      -0.520671933617759     
  0.757812500000000      -0.553541358317172      -0.532041843491650     
  0.765625000000000      -0.544028841323091      -0.538777718162948     
  0.773437500000000      -0.536951689889597      -0.547915458617498     
  0.781250000000000      -0.530379639394181      -0.559044856805040     
  0.789062500000000      -0.523362447220961      -0.571964197003507     
  0.796875000000000      -0.515195489491326      -0.586438100583508     
  0.804687500000000      -0.505184196438350      -0.602270185645679     
  0.812500000000000      -0.493273461211213      -0.618750427166792     
  0.820312500000000      -0.478962803368513      -0.636444357893076     
  0.828125000000000      -0.460920462315015      -0.655241652303735     
  0.835937500000000      -0.437175796485343      -0.674382543337656     
  0.843750000000000      -0.404528722848422      -0.691392314691118     
  0.851562500000000      -0.356999137215192      -0.692718651921597     
  0.859375000000000      -0.331263782750383      -0.675827986610887     
  0.867187500000000      -0.312505115541487      -0.664192764821776     
  0.875000000000000      -0.296478241727148      -0.654172758111422     
  0.882812500000000      -0.282221627717334      -0.644548331444955     
  0.890625000000000      -0.269637779987884      -0.634467910712478     
  0.898437500000000      -0.259429069769212      -0.622982777729773     
  0.906250000000000      -0.257269757699959      -0.610594318795142     
  0.914062500000000      -0.257144064348169      -0.607638809491059     
  0.921875000000000      -0.254808117333374      -0.608001393003588     
  0.929687500000000      -0.250708925459108      -0.610404966807725     
  0.937500000000000      -0.244878130224025      -0.614314402134228     
  0.945312500000000      -0.237228027006570      -0.619452878570588     
  0.953125000000000      -0.227613959551161      -0.625937466226436     
  0.960937500000000      -0.212555279152646      -0.635604979209613     
  0.968750000000000      -0.191665154240704      -0.638554748582666     
  0.976562500000000      -0.170476080339704      -0.637475549285408     
  0.984375000000000      -0.148915897021645      -0.632883647900031     
  0.992187500000000      -0.127283430822693      -0.624470665082150     
   1.00000000000000      -0.106165452500408      -0.611534674700457     
   1.00781250000000      -8.664249018167489E-002 -0.592760947519766     
   1.01562500000000      -7.158557262441953E-002 -0.563740011147175     
   1.02343750000000      -8.063728904689850E-002 -0.538290824503892     
   1.03125000000000      -8.757663736639892E-002 -0.525502046200474     
   1.03906250000000      -9.319820418855128E-002 -0.516635121274623     
   1.04687500000000      -9.808850848328267E-002 -0.510201910343858     
   1.05468750000000      -0.102612316422942      -0.505609773756528     
   1.06250000000000      -0.107120432873953      -0.502681435379174     
   1.07031250000000      -0.112136046994147      -0.501704570348406     
   1.07812500000000      -0.118496702234198      -0.506231429328578     
   1.08593750000000      -0.116443916436444      -0.513442111127824     
   1.09375000000000      -0.112219261252685      -0.518698829517559     
   1.10156250000000      -0.106352942537975      -0.523152935558580     
   1.10937500000000      -9.889191204197291E-002 -0.526855285141963     
   1.11718750000000      -8.981163870962069E-002 -0.529547683173852     
   1.12500000000000      -7.912622444343177E-002 -0.530706578015736     
   1.13281250000000      -6.702807358371289E-002 -0.529410979149040     
   1.14062500000000      -5.437710099895020E-002 -0.523208415554198     
   1.14843750000000      -4.941131731456721E-002 -0.516210455206106     
   1.15625000000000      -4.359805826127636E-002 -0.512151214518360     
   1.16406250000000      -3.716090484174582E-002 -0.508314595838154     
   1.17187500000000      -3.032201884876759E-002 -0.504137299068567     
   1.17968750000000      -2.329005943697471E-002 -0.499304227983096     
   1.18750000000000      -1.630571012191122E-002 -0.493574278496855     
   1.19531250000000      -9.685604129496995E-003 -0.486703985403141     
   1.20312500000000      -3.946954917741787E-003 -0.478285375226164     
   1.21093750000000      -2.421555151431084E-003 -0.467973154464931     
   1.21875000000000      -2.837461545601529E-003 -0.462471585307337     
   1.22656250000000      -2.227970294373341E-003 -0.458382758673253     
   1.23437500000000      -1.036605821123887E-003 -0.454943126232362     
   1.24218750000000       5.418663736253445E-004 -0.451898350421105     
   1.25000000000000       2.381409214473740E-003 -0.449148445438034     
   1.25781250000000       4.384506331231459E-003 -0.446688993458888     
   1.26562500000000       6.469719669176752E-003 -0.444631492043658     
   1.27343750000000       8.583171341301514E-003 -0.443375396407576     
   1.28125000000000       1.264441700233935E-002 -0.444441975710269     
   1.28906250000000       1.942725902869650E-002 -0.442811996799832     
   1.29687500000000       2.606089899870653E-002 -0.439643332694762     
   1.30468750000000       3.250147613713297E-002 -0.435387753041489     
   1.31250000000000       3.863969320719068E-002 -0.430170340718002     
   1.32031250000000       4.433039091468159E-002 -0.424037249655017     
   1.32812500000000       4.938199117255783E-002 -0.417002944089338     
   1.33593750000000       5.352103294728535E-002 -0.409061209561384     
   1.34375000000000       5.627958282517765E-002 -0.400166961181819     
   1.35156250000000       5.622122930953837E-002 -0.389993848801202     
   1.35937500000000       5.212443278404537E-002 -0.385278605955001     
   1.36718750000000       5.132108261983508E-002 -0.382480094831846     
   1.37500000000000       5.176500358268474E-002 -0.379833851672640     
   1.38281250000000       5.298088775311956E-002 -0.377087202010581     
   1.39062500000000       5.472075701618884E-002 -0.374103588207137     
   1.39843750000000       5.681003477339978E-002 -0.370787712455148     
   1.40625000000000       5.909916460148038E-002 -0.367063174645400     
   1.41406250000000       6.143879474844438E-002 -0.362860718720520     
   1.42187500000000       6.365310063405705E-002 -0.358098045063780     
   1.42968750000000       6.540438117859210E-002 -0.352495985716948     
   1.43750000000000       6.559287345386935E-002 -0.347468064094037     
   1.44531250000000       6.609538269906960E-002 -0.342974883462439     
   1.45312500000000       6.663623521259493E-002 -0.338506158411569     
   1.46093750000000       6.709859660567410E-002 -0.333966996294528     
   1.46875000000000       6.738684393575932E-002 -0.329320500790139     
   1.47656250000000       6.740484441100952E-002 -0.324556793976679     
   1.48437500000000       6.704326111952039E-002 -0.319685665500294     
   1.49218750000000       6.616125368844547E-002 -0.314736987860831     
   1.50000000000000       6.454021348578334E-002 -0.309768675465117     
   1.50781250000000       6.167741366831596E-002 -0.304899339656228     
   1.51562500000000       5.659659224570086E-002 -0.302806344932676     
   1.52343750000000       5.428816739494419E-002 -0.302732965790663     
   1.53125000000000       5.314055303465656E-002 -0.302481775060006     
   1.53906250000000       5.264800250085776E-002 -0.302041959265481     
   1.54687500000000       5.259345539635812E-002 -0.301409677153020     
   1.55468750000000       5.284767601742810E-002 -0.300584382102491     
   1.56250000000000       5.332046060833251E-002 -0.299567686207642     
   1.57031250000000       5.394237103233562E-002 -0.298362702420444     
   1.57812500000000       5.465656316352085E-002 -0.296972727125415     
   1.58593750000000       5.541561601460646E-002 -0.295396284769764     
   1.59375000000000       5.618674112143315E-002 -0.293595979880405     
   1.60156250000000       5.651776257822941E-002 -0.291425794776986     
   1.60937500000000       5.658691406647275E-002 -0.289763316060253     
   1.61718750000000       5.675986289182247E-002 -0.288291791160468     
   1.62500000000000       5.701800193942968E-002 -0.286927569948706     
   1.63281250000000       5.734915819891536E-002 -0.285647055080826     
   1.64062500000000       5.774674610538810E-002 -0.284448387974969     
   1.64843750000000       5.821006340400515E-002 -0.283343791835611     
   1.65625000000000       5.874628668796242E-002 -0.282359749371395     
   1.66406250000000       5.937559720470159E-002 -0.281543115633902     
   1.67187500000000       6.014472768905908E-002 -0.280979145375296     
   1.67968750000000       6.117450909974348E-002 -0.280854117753593     
   1.68750000000000       6.341480515740906E-002 -0.281941220097620     
   1.69531250000000       6.770241590210363E-002 -0.280605794472578     
   1.70312500000000       7.121138739622289E-002 -0.278197492976009     
   1.71093750000000       7.431990584441583E-002 -0.275229069601904     
   1.71875000000000       7.709780804645563E-002 -0.271831118782506     
   1.72656250000000       7.955969304622720E-002 -0.268066302802029     
   1.73437500000000       8.169674084838813E-002 -0.263971856602029     
   1.74218750000000       8.348484319243063E-002 -0.259572746787918     
   1.75000000000000       8.488529047403788E-002 -0.254886827040307     
   1.75781250000000       8.583981182929333E-002 -0.249926509934970     
   1.76562500000000       8.625479135422753E-002 -0.244697191311718     
   1.77343750000000       8.594619377334817E-002 -0.239186485046648     
   1.78125000000000       8.406991552629478E-002 -0.233244909643680     
   1.78906250000000       8.132862074627746E-002 -0.230171907129117     
   1.79687500000000       7.970236125117511E-002 -0.227315628390124     
   1.80468750000000       7.839152720671365E-002 -0.224453201405934     
   1.81250000000000       7.720539142659105E-002 -0.221535060048936     
   1.82031250000000       7.604169098847598E-002 -0.218536647401415     
   1.82812500000000       7.482781873379363E-002 -0.215441606371897     
   1.83593750000000       7.350112819105804E-002 -0.212236084458622     
   1.84375000000000       7.199806894402089E-002 -0.208905396276092     
   1.85156250000000       7.024386165526784E-002 -0.205430469271230     
   1.85937500000000       6.813600456234915E-002 -0.201781549179973     
   1.86718750000000       6.550469798823627E-002 -0.197902008877283     
   1.87500000000000       6.196058964552925E-002 -0.193642400216930     
   1.88281250000000       5.507124916061600E-002 -0.189895396149588     
   1.89062500000000       4.925063171455471E-002 -0.190441270346212     
   1.89843750000000       4.495838053005363E-002 -0.191364261511733     
   1.90625000000000       4.144980233491867E-002 -0.192429140308301     
   1.91406250000000       3.846828489392203E-002 -0.193577710583660     
   1.92187500000000       3.588349353330162E-002 -0.194789294590265     
   1.92968750000000       3.361866062650162E-002 -0.196057347141484     
   1.93750000000000       3.162576478485137E-002 -0.197382761148612     
   1.94531250000000       2.987530930754593E-002 -0.198771889117566     
   1.95312500000000       2.835241400808287E-002 -0.200236811028362     
   1.96093750000000       2.705724756296135E-002 -0.201797947508381     
   1.96875000000000       2.601172557112517E-002 -0.203491945121009     
   1.97656250000000       2.528575417204539E-002 -0.205400263904094     
   1.98437500000000       2.528695873072825E-002 -0.207972889881979     
   1.99218750000000       2.694167085238038E-002 -0.208860478381694     
   2.00000000000000       2.780747024477745E-002 -0.208897601282581     
   2.00781250000000       2.827827863891502E-002 -0.208607653449341     
   2.01562500000000       2.843655657301872E-002 -0.208104817784682     
   2.02343750000000       2.830566056868623E-002 -0.207437761890121     
   2.03125000000000       2.787747224406176E-002 -0.206627824683604     
   2.03906250000000       2.711523524551422E-002 -0.205680274688851     
   2.04687500000000       2.594536344238951E-002 -0.204589826649100     
   2.05468750000000       2.423819267771901E-002 -0.203347195627034     
   2.06250000000000       2.177162889258348E-002 -0.201952890352395     
   2.07031250000000       1.815996452360924E-002 -0.200449310714023     
   2.07812500000000       1.268511170291138E-002 -0.199003971843802     
   2.08593750000000       3.727072032609382E-003 -0.198233030619531     
   2.09375000000000      -1.515856520577957E-002 -0.204451310875374     
   2.10156250000000      -1.851602222022911E-002 -0.227116482520720     
   2.10937500000000      -1.231376319083150E-002 -0.244147380845018     
   2.11718750000000      -1.420857324896887E-003 -0.255579257623784     
   2.12500000000000       1.080761236884783E-002 -0.261495493074353     
   2.13281250000000       2.217757972478916E-002 -0.263126223525752     
   2.14062500000000       3.171139090057128E-002 -0.261988757614391     
   2.14843750000000       3.923797820508810E-002 -0.259335127586398     
   2.15625000000000       4.496558644235774E-002 -0.256017740613557     
   2.16406250000000       4.921576332714968E-002 -0.252556248950446     
   2.17187500000000       5.229894292816487E-002 -0.249246902292879     
   2.17968750000000       5.447012743784671E-002 -0.246254275795657     
   2.18750000000000       5.591908512706175E-002 -0.243677319341163     
   2.19531250000000       5.676726177618992E-002 -0.241602800661985     
   2.20312500000000       5.703512680851474E-002 -0.240193541542867     
   2.21093750000000       5.707897158420114E-002 -0.240613274614422     
   2.21875000000000       5.895679147284336E-002 -0.241144072300387     
   2.22656250000000       6.112458813405442E-002 -0.241228442545159     
   2.23437500000000       6.342362112780336E-002 -0.241086045790979     
   2.24218750000000       6.580626764731551E-002 -0.240784446402406     
   2.25000000000000       6.825359317008947E-002 -0.240353454212874     
   2.25781250000000       7.075880361522809E-002 -0.239806750509838     
   2.26562500000000       7.332156997908391E-002 -0.239148586502759     
   2.27343750000000       7.594552723414021E-002 -0.238375981562835     
   2.28125000000000       7.863690512865665E-002 -0.237478928117707     
   2.28906250000000       8.140351872292090E-002 -0.236439228916006     
   2.29687500000000       8.425368337621401E-002 -0.235227773889552     
   2.30468750000000       8.719461677066236E-002 -0.233799076568949     
   2.31250000000000       9.022952361853862E-002 -0.232079073650940     
   2.32031250000000       9.335083860792394E-002 -0.229928602919691     
   2.32812500000000       9.650840784418514E-002 -0.226875628456986     
   2.33593750000000       9.785105261121557E-002 -0.223489427872378     
   2.34375000000000       9.912009102830117E-002 -0.220931231905379     
   2.35156250000000       0.100393472885083      -0.218594311985415     
   2.35937500000000       0.101668161279980      -0.216367342136273     
   2.36718750000000       0.102942381641003      -0.214197559805306     
   2.37500000000000       0.104214213410153      -0.212052802460162     
   2.38281250000000       0.105481247223928      -0.209910408145731     
   2.39062500000000       0.106740447696845      -0.207752709350428     
   2.39843750000000       0.107988067682005      -0.205564791492200     
   2.40625000000000       0.109219572916847      -0.203333148732172     
   2.41406250000000       0.110429562968500      -0.201044652409554     
   2.42187500000000       0.111611683708032      -0.198685435336764     
   2.42968750000000       0.112758537500323      -0.196239142870916     
   2.43750000000000       0.113861643752112      -0.193683152340409     
   2.44531250000000       0.114911806825047      -0.190977177744580     
   2.45312500000000       0.115904475745640      -0.187996575325436     
   2.46093750000000       0.116139332436833      -0.184640687533774     
   2.46875000000000       0.116045371514363      -0.181839099605916     
   2.47656250000000       0.115902268131267      -0.179262109710752     
   2.48437500000000       0.115722741026747      -0.176830857024930     
   2.49218750000000       0.115511750231232      -0.174508792508395     
   2.50000000000000       0.115271230687943      -0.172274298011514     
   2.53125000000000       0.114004450577468      -0.163981556620330     
   2.56250000000000       0.112107080937175      -0.156473771745497     
   2.59375000000000       0.108831549522962      -0.150420010862997     
   2.62500000000000       0.107141102818066      -0.146408269348355     
   2.65625000000000       0.106150285396272      -0.142156623540807     
   2.68750000000000       0.105337172165766      -0.137746270894085     
   2.71875000000000       0.104441492388796      -0.133099031086943     
   2.75000000000000       0.102571122087900      -0.128661695979587     
   2.78125000000000       0.100909462633197      -0.125167224421585     
   2.81250000000000       9.948536753532211E-002 -0.121999512834524     
   2.84375000000000       9.822675775518205E-002 -0.119120370338231     
   2.87500000000000       9.727042073041761E-002 -0.116798382501495     
   2.90625000000000       9.725726610239559E-002 -0.113989045245878     
   2.93750000000000       9.704820025235461E-002 -0.110761438212276     
   2.96875000000000       9.667039949438885E-002 -0.107353216858483     
   3.00000000000000       9.610641463338514E-002 -0.103836922809818     
   3.03125000000000       9.536019285512344E-002 -0.100223608098838     
   3.06250000000000       9.427845880247007E-002 -9.656205612930313E-002
   3.09375000000000       9.291724272677468E-002 -9.292530172133374E-002
   3.12500000000000       9.119755247563743E-002 -8.929505154662497E-002
   3.15625000000000       8.894196830148970E-002 -8.567270167537093E-002
   3.18750000000000       8.538807148580257E-002 -8.204071162558804E-002
   3.21875000000000       8.144769761983564E-002 -8.162934616158028E-002
   3.25000000000000       7.917966722615338E-002 -8.143687518590420E-002
   3.28125000000000       7.759854900831356E-002 -8.130834097383247E-002
   3.31250000000000       7.658172730364035E-002 -8.124956648015595E-002
   3.34375000000000       7.625767684904730E-002 -8.129585066099883E-002
   3.37500000000000       7.732074486478158E-002 -8.035979387809565E-002
   3.40625000000000       7.744553032526853E-002 -7.827857056462864E-002
   3.43750000000000       7.709608883792059E-002 -7.612381754357657E-002
   3.46875000000000       7.640680873108463E-002 -7.392882693516012E-002
   3.50000000000000       7.534979377378662E-002 -7.170706479682581E-002
   3.53125000000000       7.363370406987911E-002 -6.945634898390102E-002
   3.56250000000000       7.132049044761823E-002 -6.877492292089907E-002
   3.59375000000000       7.001781332398671E-002 -6.842805749112167E-002
   3.62500000000000       6.909396713578460E-002 -6.810875713821517E-002
   3.65625000000000       6.845806899222288E-002 -6.781886264135260E-002
   3.68750000000000       6.812343278640746E-002 -6.757102507532001E-002
   3.71875000000000       6.831355948042452E-002 -6.741436783061754E-002
   3.75000000000000       6.909337851460003E-002 -6.611183250486599E-002
   3.78125000000000       6.917281939503028E-002 -6.449306951883522E-002
   3.81250000000000       6.897456727452332E-002 -6.281911738691445E-002
   3.84375000000000       6.855231245578755E-002 -6.110663054073305E-002
   3.87500000000000       6.788841695345035E-002 -5.936048995720105E-002
   3.90625000000000       6.685723565324718E-002 -5.757202711415960E-002
   3.93750000000000       6.509262318338883E-002 -5.647455494293892E-002
   3.96875000000000       6.395428838511980E-002 -5.597557964380712E-002
   4.00000000000000       6.308372056738341E-002 -5.551183325764997E-002
   4.03125000000000       6.237621788514860E-002 -5.507306221500250E-002
   4.06250000000000       6.179943878079868E-002 -5.465926590060243E-002
   4.09375000000000       6.135568064205817E-002 -5.427762888939958E-002
   4.12500000000000       6.116472400197976E-002 -5.396455020479224E-002
   4.15625000000000       6.112981175523744E-002 -5.319691108000461E-002
   4.18750000000000       6.091794190622702E-002 -5.236858980691838E-002
   4.21875000000000       6.063368424889998E-002 -5.151723568527831E-002
   4.25000000000000       6.028884862088908E-002 -5.065220450865932E-002
   4.28125000000000       5.987521106480521E-002 -4.977831040282817E-002
   4.31250000000000       5.935850593765298E-002 -4.889815142640214E-002
   4.34375000000000       5.851807668813554E-002 -4.806542975030119E-002
   4.37500000000000       5.781244958237931E-002 -4.784563232053139E-002
   4.40625000000000       5.738720616786583E-002 -4.763825658032642E-002
   4.43750000000000       5.711748972730179E-002 -4.743879977155663E-002
   4.46875000000000       5.698418956524347E-002 -4.724829084408255E-002
   4.50000000000000       5.699909936854361E-002 -4.706991745634671E-002
   4.53125000000000       5.721324966415465E-002 -4.691057043461976E-002
   4.56250000000000       5.783515646603821E-002 -4.679310170140444E-002
   4.59375000000000       5.894734172566279E-002 -4.563799800324346E-002
   4.62500000000000       5.933634855056266E-002 -4.417269061742921E-002
   4.65625000000000       5.943412547829299E-002 -4.267489247913826E-002
   4.68750000000000       5.931117207557362E-002 -4.115492142936918E-002
   4.71875000000000       5.898044614418342E-002 -3.961738782903872E-002
   4.75000000000000       5.841958886743612E-002 -3.806417431117048E-002
   4.78125000000000       5.754373231325061E-002 -3.649354528248570E-002
   4.81250000000000       5.583534575556888E-002 -3.515501931647167E-002
   4.84375000000000       5.449421526271893E-002 -3.497743148439070E-002
   4.87500000000000       5.357190486247247E-002 -3.482484957914132E-002
   4.90625000000000       5.284569214843362E-002 -3.468439748696384E-002
   4.93750000000000       5.225179422838879E-002 -3.455302705916485E-002
   4.96875000000000       5.176187533346474E-002 -3.443003317903531E-002
   5.00000000000000       5.136390741031915E-002 -3.431614502328965E-002
   5.03125000000000       5.106092648586372E-002 -3.421429746371415E-002
   5.06250000000000       5.093099089190382E-002 -3.410113307437891E-002
   5.09375000000000       5.081298396936016E-002 -3.380436621191340E-002
   5.12500000000000       5.066681413126160E-002 -3.349576178702877E-002
   5.15625000000000       5.052426687186094E-002 -3.318263709579052E-002
   5.18750000000000       5.039419355761023E-002 -3.286737765232713E-002
   5.21875000000000       5.028160120944324E-002 -3.255137835440001E-002
   5.25000000000000       5.019137529707166E-002 -3.223577743637858E-002
   5.28125000000000       5.013144054542604E-002 -3.192189880233700E-002
   5.31250000000000       5.012594966078278E-002 -3.161256434409090E-002
   5.34375000000000       5.019532515281103E-002 -3.118775907086357E-002
   5.37500000000000       5.018874231208802E-002 -3.071903744350775E-002
   5.40625000000000       5.015890413769922E-002 -3.024705676679094E-002
   5.43750000000000       5.011633596718025E-002 -2.977328231387461E-002
   5.46875000000000       5.006501750228860E-002 -2.929855497443950E-002
   5.50000000000000       5.000626734890525E-002 -2.882352237303663E-002
   5.53125000000000       4.993916595021861E-002 -2.834878809693028E-002
   5.56250000000000       4.985862889945455E-002 -2.787503311031174E-002
   5.59375000000000       4.973676553356741E-002 -2.740340363713529E-002
   5.62500000000000       4.961332441705540E-002 -2.706445267041461E-002
   5.65625000000000       4.957808744100314E-002 -2.673294996162828E-002
   5.68750000000000       4.958948010200943E-002 -2.640199166962474E-002
   5.71875000000000       4.964433224227367E-002 -2.607215539230667E-002
   5.75000000000000       4.974631035584134E-002 -2.574409744409021E-002
   5.78125000000000       4.990462863738956E-002 -2.541870591319674E-002
   5.81250000000000       5.013691857919017E-002 -2.509736970587056E-002
   5.84375000000000       5.047973394626751E-002 -2.478272778881350E-002
   5.87500000000000       5.104372958818231E-002 -2.448247120399257E-002
   5.90625000000000       5.201642513928902E-002 -2.361907102176786E-002
   5.93750000000000       5.249953509854610E-002 -2.242782694111187E-002
   5.96875000000000       5.277954336308408E-002 -2.121959790758588E-002
   6.00000000000000       5.292457334563486E-002 -2.000058592562869E-002
   6.03125000000000       5.296106134850315E-002 -1.877383063789910E-002
   6.06250000000000       5.290148562340704E-002 -1.754131951528089E-002
   6.09375000000000       5.275094153907130E-002 -1.630455019287163E-002
   6.12500000000000       5.250846304374761E-002 -1.506474525919612E-002
   6.15625000000000       5.216383514569769E-002 -1.382291131910578E-002
   6.18750000000000       5.166461670188721E-002 -1.257927985390839E-002
   6.21875000000000       5.106454407258958E-002 -1.157393365410010E-002
   6.25000000000000       5.053695359242316E-002 -1.058817540410213E-002
   6.28125000000000       4.999616338752529E-002 -9.603212423256888E-003
   6.31250000000000       4.942347258264335E-002 -8.618860254463795E-003
   6.34375000000000       4.880704499541210E-002 -7.635193806668984E-003
   6.37500000000000       4.813570890066747E-002 -6.652392197971337E-003
   6.40625000000000       4.739579137267310E-002 -5.670695592098754E-003
   6.43750000000000       4.656684531433067E-002 -4.690390128258570E-003
   6.46875000000000       4.561062091954845E-002 -3.711792662405441E-003
   6.50000000000000       4.441371907107636E-002 -2.735097982437594E-003
   6.53125000000000       4.286838267681295E-002 -2.348240313649746E-003
   6.56250000000000       4.177924449850944E-002 -2.203514573359882E-003
   6.59375000000000       4.084609175032457E-002 -2.060018302720435E-003
   6.62500000000000       4.000333492821113E-002 -1.917338880085087E-003
   6.65625000000000       3.922243748161391E-002 -1.775297171465797E-003
   6.68750000000000       3.848679410251772E-002 -1.633796007863450E-003
   6.71875000000000       3.778498236825263E-002 -1.492779770680555E-003
   6.75000000000000       3.710790056085453E-002 -1.352220040130743E-003
   6.78125000000000       3.644680742249997E-002 -1.212112495810719E-003
   6.81250000000000       3.579020356072445E-002 -1.072487044217050E-003
   6.84375000000000       3.510221062338272E-002 -9.335109595382457E-004
   6.87500000000000       3.442652604302433E-002 -9.250836077747646E-004
   6.90625000000000       3.383267254412802E-002 -9.195079873218058E-004
   6.93750000000000       3.327848061927154E-002 -9.138501099538178E-004
   6.96875000000000       3.275450769676026E-002 -9.081444774682486E-004
   7.00000000000000       3.225574756864768E-002 -9.024072709560001E-004
   7.03125000000000       3.177892767812816E-002 -8.966480373599793E-004
   7.06250000000000       3.132168026594116E-002 -8.908732435581083E-004
   7.09375000000000       3.088219767123090E-002 -8.850877382866971E-004
   7.12500000000000       3.045907300432857E-002 -8.792954336139339E-004
   7.15625000000000       3.005125776006262E-002 -8.734994846002186E-004
   7.18750000000000       2.965832003122306E-002 -8.677006147311287E-004
   7.21875000000000       2.927994123970849E-002 -8.585757420596945E-004
   7.25000000000000       2.891074246248471E-002 -8.481169806578753E-004
   7.28125000000000       2.855174328796989E-002 -8.377020026099787E-004
   7.31250000000000       2.820269118270214E-002 -8.273297918218949E-004
   7.34375000000000       2.786318543345731E-002 -8.170008508389156E-004
   7.37500000000000       2.753281009746629E-002 -8.067163439204909E-004
   7.40625000000000       2.721116150674406E-002 -7.964780293551794E-004
   7.43750000000000       2.689785124832951E-002 -7.862883945586453E-004
   7.46875000000000       2.659249582183085E-002 -7.761509676866906E-004
   7.50000000000000       2.629468483017826E-002 -7.660709864431312E-004
   7.53125000000000       2.600387564295861E-002 -7.560572313674110E-004
   7.56250000000000       2.571867326740359E-002 -7.461326058333324E-004
   7.59375000000000       2.543971613656269E-002 -7.422198204530771E-004
   7.62500000000000       2.517226186886858E-002 -7.391632388035665E-004
   7.65625000000000       2.491394864245328E-002 -7.361223356687214E-004
   7.68750000000000       2.466452779741963E-002 -7.331151769985842E-004
   7.71875000000000       2.442417860829032E-002 -7.301605506233889E-004
   7.75000000000000       2.419344214151302E-002 -7.272826782899538E-004
   7.78125000000000       2.397334960256526E-002 -7.245164748477914E-004
   7.81250000000000       2.376575518940677E-002 -7.219171154436783E-004
   7.84375000000000       2.357412417742256E-002 -7.195813722752809E-004
   7.87500000000000       2.340568161917178E-002 -7.177054103630466E-004
   7.90625000000000       2.327918308878426E-002 -7.167952148693657E-004
   7.93750000000000       2.327808208973080E-002 -7.191268023833990E-004
   7.96875000000000       2.310621091986387E-002 -1.209447656174043E-018
   8.00000000000000       2.261148252701340E-002 -9.032524112079026E-019
   8.03125000000000       2.227119708509276E-002  9.524547830078763E-019
   8.06250000000000       2.197706276219089E-002 -2.711237021568397E-018
   8.09375000000000       2.170710017565797E-002  1.545011368819918E-018
   8.12500000000000       2.145289665986819E-002 -3.516615041106201E-019
   8.15625000000000       2.121028670739961E-002  1.335665194455029E-018
   8.18750000000000       2.097687559184252E-002 -2.916487571923807E-018
   8.21875000000000       2.075114190047185E-002 -4.913916921223676E-020
   8.25000000000000       2.053204632895230E-002 -2.295451635757075E-018
   8.28125000000000       2.031883841307977E-002  3.155398990462304E-019
   8.31250000000000       2.011095191692903E-002 -9.569490552239729E-019
   8.34375000000000       1.990794409655913E-002  2.704893496820579E-019
   8.37500000000000       1.970945842312079E-002  2.198229574583860E-018
   8.40625000000000       1.951520063658044E-002 -7.308597770562890E-019
   8.43750000000000       1.932492277420948E-002  5.462823740978184E-021
   8.46875000000000       1.913841216471093E-002  1.215980406001191E-018
   8.50000000000000       1.895548363611971E-002 -5.113391647761174E-019
   8.53125000000000       1.877597385962367E-002 -1.152865387070570E-018
   8.56250000000000       1.859973715881063E-002 -1.443635022241390E-018
   8.59375000000000       1.842664234211414E-002 -1.110895374772842E-018
   8.62500000000000       1.825657027302535E-002 -7.076312147709769E-020
   8.65625000000000       1.808941196780682E-002  1.327185717983993E-018
   8.68750000000000       1.792506709621364E-002  1.864201166700269E-019
   8.71875000000000       1.776344277720992E-002 -1.596134601307866E-019
   8.75000000000000       1.760445260196739E-002  1.569962314225165E-018
   8.78125000000000       1.744801583390524E-002  1.406957754054076E-018
   8.81250000000000       1.729405674639388E-002  2.490749554957523E-018
   8.84375000000000       1.714250407011074E-002 -5.466643623793077E-019
   8.87500000000000       1.699329052315876E-002  9.795307902593781E-019
   8.90625000000000       1.684635241775628E-002  7.665898599721302E-019
   8.93750000000000       1.670162931872381E-002  2.865394897792872E-018
   8.96875000000000       1.655906375144441E-002  1.457370060511596E-018
   9.00000000000000       1.641860094747564E-002 -2.668151390564169E-019
   9.03125000000000       1.628018862209943E-002  4.173386161551194E-019
   9.06250000000000       1.614377678112028E-002 -1.023584808743181E-019
   9.09375000000000       1.600931754708082E-002 -9.016328410464556E-019
   9.12500000000000       1.587676500632667E-002 -9.489069390647600E-020
   9.15625000000000       1.574607507455573E-002  9.125161376875827E-020
   9.18750000000000       1.561720537326113E-002 -1.204512867506787E-020
   9.21875000000000       1.549011511964965E-002 -3.735759948636591E-019
   9.25000000000000       1.536476502997787E-002  1.214202211627885E-019
   9.28125000000000       1.524111722670073E-002 -8.578894413616043E-019
   9.31250000000000       1.511913515721090E-002 -1.229235071051530E-018
   9.34375000000000       1.499878352204588E-002  2.908753886404040E-019
   9.37500000000000       1.488002820167157E-002  1.679029017016930E-018
   9.40625000000000       1.476283619966337E-002  1.137213140673936E-018
   9.43750000000000       1.464717557869621E-002 -5.373498279698382E-019
   9.46875000000000       1.453301541196467E-002  4.765490834693166E-019
   9.50000000000000       1.442032573196272E-002  4.693951449365705E-020
   9.53125000000000       1.430907748459153E-002  2.507220880120522E-020
   9.56250000000000       1.419924248776242E-002  9.248453701510872E-020
   9.59375000000000       1.409079338906355E-002  1.429800571353104E-018
   9.62500000000000       1.398370363198191E-002 -3.627202335066640E-019
   9.65625000000000       1.387794742014241E-002  8.867505665065012E-019
   9.68750000000000       1.377349968412779E-002  2.271982595116567E-019
   9.71875000000000       1.367033605122229E-002  4.665366942795864E-019
   9.75000000000000       1.356843281830186E-002  4.556146860679424E-019
   9.78125000000000       1.346776692300610E-002  7.994661583260374E-019
   9.81250000000000       1.336831592077471E-002 -4.364026152194738E-019
   9.84375000000000       1.327005795756260E-002  4.577865311708747E-019
   9.87500000000000       1.317297174974734E-002  1.638931495835426E-018
   9.90625000000000       1.307703656352428E-002 -1.559881008564211E-019
   9.93750000000000       1.298223219269705E-002  9.716999314110110E-019
   9.96875000000000       1.288853893873751E-002 -8.047896338948838E-019
   10.0000000000000       1.279593759588406E-002 -1.464611065855725E-018
   11.0000000000000       1.163267054171278E-002  0.000000000000000E+000
   12.0000000000000       1.066328132990338E-002  0.000000000000000E+000
   13.0000000000000       9.843028919910816E-003  0.000000000000000E+000
   14.0000000000000       9.139955425631471E-003  0.000000000000000E+000
   15.0000000000000       8.530625063922707E-003  0.000000000000000E+000
   16.0000000000000       7.997460997427538E-003  0.000000000000000E+000
   17.0000000000000       7.527022115225918E-003  0.000000000000000E+000
   18.0000000000000       7.108854219935589E-003  0.000000000000000E+000
   19.0000000000000       6.734703997833716E-003  0.000000000000000E+000
   20.0000000000000       6.397968797942031E-003  0.000000000000000E+000
   21.0000000000000       6.093303617087648E-003  0.000000000000000E+000
   22.0000000000000       5.816335270856391E-003  0.000000000000000E+000
   23.0000000000000       5.563451128645243E-003  0.000000000000000E+000
   24.0000000000000       5.331640664951692E-003  0.000000000000000E+000
   25.0000000000000       5.118375038353624E-003  0.000000000000000E+000
   26.0000000000000       4.921514459955408E-003  0.000000000000000E+000
   27.0000000000000       4.739236146623726E-003  0.000000000000000E+000
   28.0000000000000       4.569977712815735E-003  0.000000000000000E+000
   29.0000000000000       4.412392274442779E-003  0.000000000000000E+000
   30.0000000000000       4.265312531961354E-003  0.000000000000000E+000
   31.0000000000000       4.127721805123890E-003  0.000000000000000E+000
   32.0000000000000       3.998730498713769E-003  0.000000000000000E+000
   33.0000000000000       3.877556847237594E-003  0.000000000000000E+000
   34.0000000000000       3.763511057612959E-003  0.000000000000000E+000
   35.0000000000000       3.655982170252589E-003  0.000000000000000E+000
   36.0000000000000       3.554427109967795E-003  0.000000000000000E+000
   37.0000000000000       3.458361512401097E-003  0.000000000000000E+000
   38.0000000000000       3.367351998916858E-003  0.000000000000000E+000
   39.0000000000000       3.281009639970272E-003  0.000000000000000E+000
   40.0000000000000       3.198984398971015E-003  0.000000000000000E+000
   41.0000000000000       3.120960389240015E-003  0.000000000000000E+000
   42.0000000000000       3.046651808543824E-003  0.000000000000000E+000
   43.0000000000000       2.975799440903270E-003  0.000000000000000E+000
   44.0000000000000       2.908167635428195E-003  0.000000000000000E+000
   45.0000000000000       2.843541687974236E-003  0.000000000000000E+000
   46.0000000000000       2.781725564322622E-003  0.000000000000000E+000
   47.0000000000000       2.722539914017885E-003  0.000000000000000E+000
   48.0000000000000       2.665820332475846E-003  0.000000000000000E+000
   49.0000000000000       2.611415835894706E-003  0.000000000000000E+000
   50.0000000000000       2.559187519176812E-003  0.000000000000000E+000
   51.0000000000000       2.509007371741972E-003  0.000000000000000E+000
   52.0000000000000       2.460757229977704E-003  0.000000000000000E+000
   53.0000000000000       2.414327848280011E-003  0.000000000000000E+000
   54.0000000000000       2.369618073311863E-003  0.000000000000000E+000
   55.0000000000000       2.326534108342557E-003  0.000000000000000E+000
   56.0000000000000       2.284988856407868E-003  0.000000000000000E+000
   57.0000000000000       2.244901332611239E-003  0.000000000000000E+000
   58.0000000000000       2.206196137221390E-003  0.000000000000000E+000
   59.0000000000000       2.168802982353231E-003  0.000000000000000E+000
   60.0000000000000       2.132656265980677E-003  0.000000000000000E+000
   61.0000000000000       2.097694687849846E-003  0.000000000000000E+000
   62.0000000000000       2.063860902561945E-003  0.000000000000000E+000
   63.0000000000000       2.031101205695883E-003  0.000000000000000E+000
   64.0000000000000       1.999365249356884E-003  0.000000000000000E+000
   65.0000000000000       1.968605783982163E-003  0.000000000000000E+000
   66.0000000000000       1.938778423618797E-003  0.000000000000000E+000
   67.0000000000000       1.909841432221502E-003  0.000000000000000E+000
   68.0000000000000       1.881755528806479E-003  0.000000000000000E+000
   69.0000000000000       1.854483709548414E-003  0.000000000000000E+000
   70.0000000000000       1.827991085126294E-003  0.000000000000000E+000
   71.0000000000000       1.802244731814656E-003  0.000000000000000E+000
   72.0000000000000       1.777213554983897E-003  0.000000000000000E+000
   73.0000000000000       1.752868163819734E-003  0.000000000000000E+000
   74.0000000000000       1.729180756200549E-003  0.000000000000000E+000
   75.0000000000000       1.706125012784541E-003  0.000000000000000E+000
   76.0000000000000       1.683675999458429E-003  0.000000000000000E+000
   77.0000000000000       1.661810077387540E-003  0.000000000000000E+000
   78.0000000000000       1.640504819985136E-003  0.000000000000000E+000
   79.0000000000000       1.619738936187856E-003  0.000000000000000E+000
   80.0000000000000       1.599492199485508E-003  0.000000000000000E+000
   81.0000000000000       1.579745382207909E-003  0.000000000000000E+000
   82.0000000000000       1.560480194620007E-003  0.000000000000000E+000
   83.0000000000000       1.541679228419766E-003  0.000000000000000E+000
   84.0000000000000       1.523325904271912E-003  0.000000000000000E+000
   85.0000000000000       1.505404423045184E-003  0.000000000000000E+000
   86.0000000000000       1.487899720451635E-003  0.000000000000000E+000
   87.0000000000000       1.470797424814260E-003  0.000000000000000E+000
   88.0000000000000       1.454083817714098E-003  0.000000000000000E+000
   89.0000000000000       1.437745797290344E-003  0.000000000000000E+000
   90.0000000000000       1.421770843987118E-003  0.000000000000000E+000
   91.0000000000000       1.406146988558688E-003  0.000000000000000E+000
   92.0000000000000       1.390862782161311E-003  0.000000000000000E+000
   93.0000000000000       1.375907268374630E-003  0.000000000000000E+000
   94.0000000000000       1.361269957008943E-003  0.000000000000000E+000
   95.0000000000000       1.346940799566743E-003  0.000000000000000E+000
   96.0000000000000       1.332910166237923E-003  0.000000000000000E+000
   97.0000000000000       1.319168824317944E-003  0.000000000000000E+000
   98.0000000000000       1.305707917947353E-003  0.000000000000000E+000
   99.0000000000000       1.292518949079198E-003  0.000000000000000E+000
   100.000000000000       1.279593759588406E-003  0.000000000000000E+000
   101.000000000000       1.266924514443966E-003  0.000000000000000E+000
   102.000000000000       1.254503685870986E-003  0.000000000000000E+000
   103.000000000000       1.242324038435346E-003  0.000000000000000E+000
   104.000000000000       1.230378614988852E-003  0.000000000000000E+000
   105.000000000000       1.218660723417530E-003  0.000000000000000E+000
   106.000000000000       1.207163924140006E-003  0.000000000000000E+000
   107.000000000000       1.195882018306922E-003  0.000000000000000E+000
   108.000000000000       1.184809036655932E-003  0.000000000000000E+000
   109.000000000000       1.173939228980189E-003  0.000000000000000E+000
   110.000000000000       1.163267054171278E-003  0.000000000000000E+000
   111.000000000000       1.152787170800366E-003  0.000000000000000E+000
   112.000000000000       1.142494428203934E-003  0.000000000000000E+000
   113.000000000000       1.132383858042837E-003  0.000000000000000E+000
   114.000000000000       1.122450666305619E-003  0.000000000000000E+000
   115.000000000000       1.112690225729049E-003  0.000000000000000E+000
   116.000000000000       1.103098068610695E-003  0.000000000000000E+000
   117.000000000000       1.093669879990091E-003  0.000000000000000E+000
   118.000000000000       1.084401491176615E-003  0.000000000000000E+000
   119.000000000000       1.075288873603703E-003  0.000000000000000E+000
   120.000000000000       1.066328132990338E-003  0.000000000000000E+000
   121.000000000000       1.057515503792071E-003  0.000000000000000E+000
   122.000000000000       1.048847343924923E-003  0.000000000000000E+000
   123.000000000000       1.040320129746671E-003  0.000000000000000E+000
   124.000000000000       1.031930451280973E-003  0.000000000000000E+000
   125.000000000000       1.023675007670725E-003  0.000000000000000E+000
   126.000000000000       1.015550602847941E-003  0.000000000000000E+000
   127.000000000000       1.007554141408194E-003  0.000000000000000E+000
   128.000000000000       9.996826246784422E-004  0.000000000000000E+000
   129.000000000000       9.919331469677567E-004  0.000000000000000E+000
   130.000000000000       9.843028919910815E-004  0.000000000000000E+000
   131.000000000000       9.767891294567984E-004  0.000000000000000E+000
   132.000000000000       9.693892118093986E-004  0.000000000000000E+000
   133.000000000000       9.621005711191023E-004  0.000000000000000E+000
   134.000000000000       9.549207161107508E-004  0.000000000000000E+000
   135.000000000000       9.478472293247452E-004  0.000000000000000E+000
   136.000000000000       9.408777644032397E-004  0.000000000000000E+000
   137.000000000000       9.340100434951869E-004  0.000000000000000E+000
   138.000000000000       9.272418547742072E-004  0.000000000000000E+000
   139.000000000000       9.205710500636015E-004  0.000000000000000E+000
   140.000000000000       9.139955425631472E-004  0.000000000000000E+000
   141.000000000000       9.075133046726284E-004  0.000000000000000E+000
   142.000000000000       9.011223659073282E-004  0.000000000000000E+000
   143.000000000000       8.948208109009832E-004  0.000000000000000E+000
   144.000000000000       8.886067774919487E-004  0.000000000000000E+000
   145.000000000000       8.824784548885559E-004  0.000000000000000E+000
   146.000000000000       8.764340819098672E-004  0.000000000000000E+000
   147.000000000000       8.704719452982354E-004  0.000000000000000E+000
   148.000000000000       8.645903781002743E-004  0.000000000000000E+000
   149.000000000000       8.587877581130241E-004  0.000000000000000E+000
   150.000000000000       8.530625063922707E-004  0.000000000000000E+000
   151.000000000000       8.474130858201365E-004  0.000000000000000E+000
   152.000000000000       8.418379997292145E-004  0.000000000000000E+000
   153.000000000000       8.363357905806576E-004  0.000000000000000E+000
   154.000000000000       8.309050386937701E-004  0.000000000000000E+000
   155.000000000000       8.255443610247781E-004  0.000000000000000E+000
   156.000000000000       8.202524099925679E-004  0.000000000000000E+000
   157.000000000000       8.150278723493032E-004  0.000000000000000E+000
   158.000000000000       8.098694680939278E-004  0.000000000000000E+000
   159.000000000000       8.047759494266705E-004  0.000000000000000E+000
   160.000000000000       7.997460997427538E-004  0.000000000000000E+000
   161.000000000000       7.947787326636062E-004  0.000000000000000E+000
   162.000000000000       7.898726911039544E-004  0.000000000000000E+000
   163.000000000000       7.850268463732552E-004  0.000000000000000E+000
   164.000000000000       7.802400973100037E-004  0.000000000000000E+000
   165.000000000000       7.755113694475188E-004  0.000000000000000E+000
   166.000000000000       7.708396142098832E-004  0.000000000000000E+000
   167.000000000000       7.662238081367701E-004  0.000000000000000E+000
   168.000000000000       7.616629521359560E-004  0.000000000000000E+000
   169.000000000000       7.571560707623704E-004  0.000000000000000E+000
   170.000000000000       7.527022115225918E-004  0.000000000000000E+000
   171.000000000000       7.483004442037462E-004  0.000000000000000E+000
   172.000000000000       7.439498602258175E-004  0.000000000000000E+000
   173.000000000000       7.396495720164197E-004  0.000000000000000E+000
   174.000000000000       7.353987124071299E-004  0.000000000000000E+000
   175.000000000000       7.311964340505178E-004  0.000000000000000E+000
   176.000000000000       7.270419088570489E-004  0.000000000000000E+000
   177.000000000000       7.229343274510768E-004  0.000000000000000E+000
   178.000000000000       7.188728986451719E-004  0.000000000000000E+000
   179.000000000000       7.148568489320704E-004  0.000000000000000E+000
   180.000000000000       7.108854219935589E-004  0.000000000000000E+000
   181.000000000000       7.069578782256387E-004  0.000000000000000E+000
   182.000000000000       7.030734942793439E-004  0.000000000000000E+000
   183.000000000000       6.992315626166153E-004  0.000000000000000E+000
   184.000000000000       6.954313910806554E-004  0.000000000000000E+000
   185.000000000000       6.916723024802195E-004  0.000000000000000E+000
   186.000000000000       6.879536341873151E-004  0.000000000000000E+000
   187.000000000000       6.842747377478107E-004  0.000000000000000E+000
   188.000000000000       6.806349785044713E-004  0.000000000000000E+000
   189.000000000000       6.770337352319609E-004  0.000000000000000E+000
   190.000000000000       6.734703997833716E-004  0.000000000000000E+000
   191.000000000000       6.699443767478566E-004  0.000000000000000E+000
   192.000000000000       6.664550831189615E-004  0.000000000000000E+000
   193.000000000000       6.630019479732674E-004  0.000000000000000E+000
   194.000000000000       6.595844121589722E-004  0.000000000000000E+000
   195.000000000000       6.562019279940544E-004  0.000000000000000E+000
   196.000000000000       6.528539589736765E-004  0.000000000000000E+000
   197.000000000000       6.495399794865006E-004  0.000000000000000E+000
   198.000000000000       6.462594745395990E-004  0.000000000000000E+000
   199.000000000000       6.430119394916613E-004  0.000000000000000E+000
   200.000000000000       6.397968797942030E-004  0.000000000000000E+000
   201.000000000000       6.366138107405005E-004  0.000000000000000E+000
   202.000000000000       6.334622572219832E-004  0.000000000000000E+000
   203.000000000000       6.303417534918257E-004  0.000000000000000E+000
   204.000000000000       6.272518429354931E-004  0.000000000000000E+000
   205.000000000000       6.241920778480030E-004  0.000000000000000E+000
   206.000000000000       6.211620192176729E-004  0.000000000000000E+000
   207.000000000000       6.181612365161382E-004  0.000000000000000E+000
   208.000000000000       6.151893074944260E-004  0.000000000000000E+000
   209.000000000000       6.122458179848833E-004  0.000000000000000E+000
   210.000000000000       6.093303617087648E-004  0.000000000000000E+000
   211.000000000000       6.064425400892920E-004  0.000000000000000E+000
   212.000000000000       6.035819620700028E-004  0.000000000000000E+000
   213.000000000000       6.007482439382188E-004  0.000000000000000E+000
   214.000000000000       5.979410091534608E-004  0.000000000000000E+000
   215.000000000000       5.951598881806540E-004  0.000000000000000E+000
   216.000000000000       5.924045183279658E-004  0.000000000000000E+000
   217.000000000000       5.896745435891273E-004  0.000000000000000E+000
   218.000000000000       5.869696144900946E-004  0.000000000000000E+000
   219.000000000000       5.842893879399114E-004  0.000000000000000E+000
   220.000000000000       5.816335270856392E-004  0.000000000000000E+000
   221.000000000000       5.790017011712245E-004  0.000000000000000E+000
   222.000000000000       5.763935854001829E-004  0.000000000000000E+000
   223.000000000000       5.738088608019758E-004  0.000000000000000E+000
   224.000000000000       5.712472141019669E-004  0.000000000000000E+000
   225.000000000000       5.687083375948472E-004  0.000000000000000E+000
   226.000000000000       5.661919290214186E-004  0.000000000000000E+000
   227.000000000000       5.636976914486370E-004  0.000000000000000E+000
   228.000000000000       5.612253331528096E-004  0.000000000000000E+000
   229.000000000000       5.587745675058542E-004  0.000000000000000E+000
   230.000000000000       5.563451128645243E-004  0.000000000000000E+000
   231.000000000000       5.539366924625134E-004  0.000000000000000E+000
   232.000000000000       5.515490343053474E-004  0.000000000000000E+000
   233.000000000000       5.491818710679855E-004  0.000000000000000E+000
   234.000000000000       5.468349399950453E-004  0.000000000000000E+000
   235.000000000000       5.445079828035771E-004  0.000000000000000E+000
   236.000000000000       5.422007455883076E-004  0.000000000000000E+000
   237.000000000000       5.399129787292853E-004  0.000000000000000E+000
   238.000000000000       5.376444368018513E-004  0.000000000000000E+000
   239.000000000000       5.353948784888728E-004  0.000000000000000E+000
   240.000000000000       5.331640664951692E-004  0.000000000000000E+000
   241.000000000000       5.309517674640689E-004  0.000000000000000E+000
   242.000000000000       5.287577518960356E-004  0.000000000000000E+000
   243.000000000000       5.265817940693029E-004  0.000000000000000E+000
   244.000000000000       5.244236719624615E-004  0.000000000000000E+000
   245.000000000000       5.222831671789413E-004  0.000000000000000E+000
   246.000000000000       5.201600648733357E-004  0.000000000000000E+000
   247.000000000000       5.180541536795166E-004  0.000000000000000E+000
   248.000000000000       5.159652256404863E-004  0.000000000000000E+000
   249.000000000000       5.138930761399221E-004  0.000000000000000E+000
   250.000000000000       5.118375038353624E-004  0.000000000000000E+000
   251.000000000000       5.097983105929905E-004  0.000000000000000E+000
   252.000000000000       5.077753014239707E-004  0.000000000000000E+000
   253.000000000000       5.057682844222948E-004  0.000000000000000E+000
   254.000000000000       5.037770707040968E-004  0.000000000000000E+000
   255.000000000000       5.018014743483945E-004  0.000000000000000E+000
   256.000000000000       4.998413123392211E-004  0.000000000000000E+000
   257.000000000000       4.978964045091074E-004  0.000000000000000E+000
   258.000000000000       4.959665734838784E-004  0.000000000000000E+000
   259.000000000000       4.940516446287282E-004  0.000000000000000E+000
   260.000000000000       4.921514459955408E-004  0.000000000000000E+000
   261.000000000000       4.902658082714200E-004  0.000000000000000E+000
   262.000000000000       4.883945647283992E-004  0.000000000000000E+000
   263.000000000000       4.865375511742988E-004  0.000000000000000E+000
   264.000000000000       4.846946059046993E-004  0.000000000000000E+000
   265.000000000000       4.828655696560023E-004  0.000000000000000E+000
   266.000000000000       4.810502855595512E-004  0.000000000000000E+000
   267.000000000000       4.792485990967813E-004  0.000000000000000E+000
   268.000000000000       4.774603580553754E-004  0.000000000000000E+000
   269.000000000000       4.756854124863963E-004  0.000000000000000E+000
   270.000000000000       4.739236146623726E-004  0.000000000000000E+000
   271.000000000000       4.721748190363122E-004  0.000000000000000E+000
   272.000000000000       4.704388822016199E-004  0.000000000000000E+000
   273.000000000000       4.687156628528960E-004  0.000000000000000E+000
   274.000000000000       4.670050217475935E-004  0.000000000000000E+000
   275.000000000000       4.653068216685113E-004  0.000000000000000E+000
   276.000000000000       4.636209273871036E-004  0.000000000000000E+000
   277.000000000000       4.619472056275834E-004  0.000000000000000E+000
   278.000000000000       4.602855250318008E-004  0.000000000000000E+000
   279.000000000000       4.586357561248767E-004  0.000000000000000E+000
   280.000000000000       4.569977712815736E-004  0.000000000000000E+000
   281.000000000000       4.553714446933829E-004  0.000000000000000E+000
   282.000000000000       4.537566523363142E-004  0.000000000000000E+000
   283.000000000000       4.521532719393661E-004  0.000000000000000E+000
   284.000000000000       4.505611829536641E-004  0.000000000000000E+000
   285.000000000000       4.489802665222477E-004  0.000000000000000E+000
   286.000000000000       4.474104054504916E-004  0.000000000000000E+000
   287.000000000000       4.458514841771450E-004  0.000000000000000E+000
   288.000000000000       4.443033887459743E-004  0.000000000000000E+000
   289.000000000000       4.427660067779952E-004  0.000000000000000E+000
   290.000000000000       4.412392274442779E-004  0.000000000000000E+000
   291.000000000000       4.397229414393148E-004  0.000000000000000E+000
   292.000000000000       4.382170409549336E-004  0.000000000000000E+000
   293.000000000000       4.367214196547461E-004  0.000000000000000E+000
   294.000000000000       4.352359726491177E-004  0.000000000000000E+000
   295.000000000000       4.337605964706461E-004  0.000000000000000E+000
   296.000000000000       4.322951890501372E-004  0.000000000000000E+000
   297.000000000000       4.308396496930660E-004  0.000000000000000E+000
   298.000000000000       4.293938790565121E-004  0.000000000000000E+000
   299.000000000000       4.279577791265572E-004  0.000000000000000E+000
   300.000000000000       4.265312531961353E-004  0.000000000000000E+000
   301.000000000000       4.251142058433242E-004  0.000000000000000E+000
   302.000000000000       4.237065429100682E-004  0.000000000000000E+000
   303.000000000000       4.223081714813221E-004  0.000000000000000E+000
   304.000000000000       4.209189998646072E-004  0.000000000000000E+000
   305.000000000000       4.195389375699692E-004  0.000000000000000E+000
   306.000000000000       4.181678952903288E-004  0.000000000000000E+000
   307.000000000000       4.168057848822170E-004  0.000000000000000E+000
   308.000000000000       4.154525193468851E-004  0.000000000000000E+000
   309.000000000000       4.141080128117819E-004  0.000000000000000E+000
   310.000000000000       4.127721805123891E-004  0.000000000000000E+000
