  0.000000000000000E+000 -0.214642442586995      -1.592026573167191E-007
  7.812500000000000E-003 -0.214919267634890      -8.441229996917847E-004
  1.562500000000000E-002 -0.215916063778564      -2.415130864699881E-003
  2.343750000000000E-002 -0.216341574239879      -4.903850313090834E-003
  3.125000000000000E-002 -0.216145252952666      -7.118452354437294E-003
  3.906250000000000E-002 -0.214870706070629      -9.149720523415693E-003
  4.687500000000000E-002 -0.215147525899194      -9.234787742655799E-003
  5.468750000000000E-002 -0.215693462226805      -1.139749242600026E-002
  6.250000000000000E-002 -0.215778613265137      -1.298488220104353E-002
  7.031250000000000E-002 -0.216766343703318      -1.483273659842942E-002
  7.812500000000000E-002 -0.217760985975704      -2.000258029393469E-002
  8.593750000000000E-002 -0.210121589305210      -2.239678792144962E-002
  9.375000000000000E-002 -0.208589537172858      -1.959519745931364E-002
  0.101562500000000      -0.208425897647080      -1.633364820637824E-002
  0.109375000000000      -0.213731212960885      -1.391675084881356E-002
  0.117187500000000      -0.217283515214754      -1.787213942960493E-002
  0.125000000000000      -0.220037066431600      -2.275006486014146E-002
  0.132812500000000      -0.217072867350179      -2.415126127859569E-002
  0.140625000000000      -0.219655909034509      -2.401630855209758E-002
  0.148437500000000      -0.223498525501402      -2.738434855982496E-002
  0.156250000000000      -0.226536966912667      -3.320639621903831E-002
  0.164062500000000      -0.225157678028010      -3.984593374257976E-002
  0.171875000000000      -0.224261593809501      -4.495157695617075E-002
  0.179687500000000      -0.220988650395671      -5.033331032550912E-002
  0.187500000000000      -0.218733293905110      -5.465397660616386E-002
  0.195312500000000      -0.213363869341273      -6.215276263610412E-002
  0.203125000000000      -0.203529680126281      -5.869850677342502E-002
  0.210937500000000      -0.202579601546955      -5.488992651910567E-002
  0.218750000000000      -0.203942775264439      -5.635970298841091E-002
  0.226562500000000      -0.202799784321415      -5.871652319359678E-002
  0.234375000000000      -0.199836128120182      -6.293492301502411E-002
  0.242187500000000      -0.192808496674938      -6.336927336483492E-002
  0.250000000000000      -0.187233228866405      -6.153692770829646E-002
  0.257812500000000      -0.184027443189977      -5.756625751628192E-002
  0.265625000000000      -0.178376240735012      -5.323654472712568E-002
  0.273437500000000      -0.177360696621593      -4.452995245442487E-002
  0.281250000000000      -0.182254833095803      -3.656523310813418E-002
  0.289062500000000      -0.187990870980100      -3.467615434942430E-002
  0.296875000000000      -0.192142694725429      -3.320514289450400E-002
  0.304687500000000      -0.196507801817063      -3.154612521410606E-002
  0.312500000000000      -0.201723104965087      -3.144166431658923E-002
  0.320312500000000      -0.206552730888129      -3.158712309781919E-002
  0.328125000000000      -0.212189622906929      -3.183193074025566E-002
  0.335937500000000      -0.219697884246013      -3.466859500528113E-002
  0.343750000000000      -0.225967659849944      -3.957418432335890E-002
  0.351562500000000      -0.232033192338994      -4.735922295380467E-002
  0.359375000000000      -0.230047169249826      -6.088086973285251E-002
  0.367187500000000      -0.224413049987331      -6.350562099842041E-002
  0.375000000000000      -0.221730747387535      -6.430082747445631E-002
  0.382812500000000      -0.220258607343385      -6.377737712125950E-002
  0.390625000000000      -0.222880511150048      -6.256776395715377E-002
  0.398437500000000      -0.226268152993697      -6.438181799423284E-002
  0.406250000000000      -0.229643569514732      -6.828789552550983E-002
  0.414062500000000      -0.230320367332363      -7.630863968669582E-002
  0.421875000000000      -0.225217912494977      -7.730128313351747E-002
  0.429687500000000      -0.224336535899753      -7.673084372286400E-002
  0.437500000000000      -0.224774761507828      -7.609095130435437E-002
  0.445312500000000      -0.226011295393610      -7.453614165946879E-002
  0.453125000000000      -0.230205744432475      -7.358765635116589E-002
  0.460937500000000      -0.235248412489858      -7.367687065118017E-002
  0.468750000000000      -0.241669513439513      -7.470329422346735E-002
  0.476562500000000      -0.250180929097447      -7.780998791202000E-002
  0.484375000000000      -0.257033911036554      -8.475375935292505E-002
  0.492187500000000      -0.263715493702551      -9.203899508990494E-002
  0.500000000000000      -0.270958253999176      -0.101812453765347     
  0.507812500000000      -0.277806355518408      -0.117156006945569     
  0.515625000000000      -0.271056349660997      -0.137391265373077     
  0.523437500000000      -0.261988539680942      -0.146504110891106     
  0.531250000000000      -0.254163216052514      -0.152925099465764     
  0.539062500000000      -0.246463281537557      -0.157787343247586     
  0.546875000000000      -0.236569596993271      -0.160219028129595     
  0.554687500000000      -0.231877451203475      -0.155596524711669     
  0.562500000000000      -0.232010126353717      -0.152593457332978     
  0.570312500000000      -0.235339389075693      -0.151472166459245     
  0.578125000000000      -0.241451965950880      -0.153593083575214     
  0.585937500000000      -0.246975115394839      -0.163508366076313     
  0.593750000000000      -0.245644654879481      -0.171843594084845     
  0.601562500000000      -0.244479630242992      -0.178962190450149     
  0.609375000000000      -0.243242014293207      -0.186333369480780     
  0.617187500000000      -0.241342141319090      -0.194806593901516     
  0.625000000000000      -0.234978294149930      -0.204752279930277     
  0.632812500000000      -0.227553193670681      -0.208211813835204     
  0.640625000000000      -0.222291260274982      -0.210460094338986     
  0.648437500000000      -0.218176991660149      -0.212057633596940     
  0.656250000000000      -0.215067299302698      -0.212797774011380     
  0.664062500000000      -0.214169622250820      -0.211233678408874     
  0.671875000000000      -0.219214201022422      -0.214674639273651     
  0.679687500000000      -0.221812561911758      -0.221313386993321     
  0.687500000000000      -0.223192313569858      -0.229657970063794     
  0.695312500000000      -0.223084047847789      -0.239624489948609     
  0.703125000000000      -0.220433865491296      -0.251164103456608     
  0.710937500000000      -0.212578917614435      -0.260222438894814     
  0.718750000000000      -0.207863676478804      -0.266196408814552     
  0.726562500000000      -0.203919055659190      -0.273326437139799     
  0.734375000000000      -0.199621174842158      -0.281633838398734     
  0.742187500000000      -0.194062303706913      -0.291095139303769     
  0.750000000000000      -0.185735651224558      -0.301396715714962     
  0.757812500000000      -0.173524244731606      -0.306768306213204     
  0.765625000000000      -0.165582535996247      -0.310270439963808     
  0.773437500000000      -0.158654973089983      -0.314735694702721     
  0.781250000000000      -0.151718560776978      -0.320127462234032     
  0.789062500000000      -0.143993355408314      -0.326271530487587     
  0.796875000000000      -0.134460252210244      -0.332500589032302     
  0.804687500000000      -0.124503718202689      -0.334567981361288     
  0.812500000000000      -0.118628903955226      -0.338658249427676     
  0.820312500000000      -0.112282672459513      -0.345625796144109     
  0.828125000000000      -0.104085745665985      -0.355147912275163     
  0.835937500000000      -9.229786039456447E-002 -0.366991020187025     
  0.843750000000000      -7.398102633769021E-002 -0.380157959918071     
  0.851562500000000      -4.144765876124108E-002 -0.387431452077763     
  0.859375000000000      -1.767914674276782E-002 -0.375687017740467     
  0.867187500000000      -9.996272372939556E-004 -0.365115008341079     
  0.875000000000000       1.274004347414377E-002 -0.355009472845135     
  0.882812500000000       2.470437102876337E-002 -0.344984784944990     
  0.890625000000000       3.535891190613950E-002 -0.334612238300166     
  0.898437500000000       4.473067565176216E-002 -0.323203210421682     
  0.906250000000000       4.983030110226592E-002 -0.309460422098622     
  0.914062500000000       5.119309083824749E-002 -0.300370323357167     
  0.921875000000000       5.268762857693408E-002 -0.293698470923002     
  0.929687500000000       5.438787303538578E-002 -0.288602129969395     
  0.937500000000000       5.638540098778685E-002 -0.284754649349688     
  0.945312500000000       5.875531233222638E-002 -0.282015456793733     
  0.953125000000000       6.149918506002368E-002 -0.280490176258840     
  0.960937500000000       6.590905107651172E-002 -0.282041317047269     
  0.968750000000000       7.475301912209399E-002 -0.281668404742902     
  0.976562500000000       8.437519980901882E-002 -0.279299428654264     
  0.984375000000000       9.458937719396933E-002 -0.275299944200258     
  0.992187500000000       0.105243053038443      -0.269536120519022     
   1.00000000000000       0.116121158465165      -0.261639209338592     
   1.00781250000000       0.126849505558116      -0.250896073006829     
   1.01562500000000       0.136534866998530      -0.235017948601623     
   1.02343750000000       0.134836066672291      -0.218276810416627     
   1.03125000000000       0.132726654622540      -0.207604009641265     
   1.03906250000000       0.130870859927464      -0.198915524604845     
   1.04687500000000       0.129200205580673      -0.191408272884530     
   1.05468750000000       0.127642569095877      -0.184707138903217     
   1.06250000000000       0.126100289835277      -0.178608893259078     
   1.07031250000000       0.124400778676535      -0.173034089341737     
   1.07812500000000       0.122014107205437      -0.168548464891078     
   1.08593750000000       0.121084075917438      -0.165532225182781     
   1.09375000000000       0.120928904074442      -0.162416024585969     
   1.10156250000000       0.121303950312541      -0.159255200527049     
   1.10937500000000       0.122138528335487      -0.155968739871257     
   1.11718750000000       0.123380141285233      -0.152433736759757     
   1.12500000000000       0.124956433366344      -0.148486252832591     
   1.13281250000000       0.126736916591997      -0.143894771867381     
   1.14062500000000       0.128404862610131      -0.138096124773186     
   1.14843750000000       0.127928919507548      -0.132356101803082     
   1.15625000000000       0.127636042186495      -0.127505095126316     
   1.16406250000000       0.127433346285718      -0.122806732816380     
   1.17187500000000       0.127242014738868      -0.118105356736987     
   1.17968750000000       0.126987585337818      -0.113320557440234     
   1.18750000000000       0.126586680316710      -0.108399403279471     
   1.19531250000000       0.125931942068281      -0.103295962552991     
   1.20312500000000       0.124840339252575      -9.793028342009759E-002
   1.21093750000000       0.122267988260479      -9.251668597995689E-002
   1.21875000000000       0.119590239455007      -8.885570886933010E-002
   1.22656250000000       0.117360396146026      -8.560346003978433E-002
   1.23437500000000       0.115368354996059      -8.256680320666152E-002
   1.24218750000000       0.113530996289293      -7.967952104803784E-002
   1.25000000000000       0.111801755555096      -7.691262920659107E-002
   1.25781250000000       0.110152544872423      -7.425743733005549E-002
   1.26562500000000       0.108571215752669      -7.172486323791882E-002
   1.27343750000000       0.107078067820873      -6.936622441011972E-002
   1.28125000000000       0.106076034124288      -6.719449582555279E-002
   1.28906250000000       0.105159791642077      -6.444674032938777E-002
   1.29687500000000       0.104043585813992      -6.156474161286832E-002
   1.30468750000000       0.102750545943710      -5.862019998565362E-002
   1.31250000000000       0.101265301876246      -5.565486841594879E-002
   1.32031250000000       9.956331040655289E-002 -5.271016325022614E-002
   1.32812500000000       9.761516084403302E-002 -4.983563787746819E-002
   1.33593750000000       9.538435471267913E-002 -4.709696155919137E-002
   1.34375000000000       9.281144667046545E-002 -4.459479635967382E-002
   1.35156250000000       8.967658869142089E-002 -4.258865003209039E-002
   1.35937500000000       8.720052410682921E-002 -4.210486499777252E-002
   1.36718750000000       8.555139882352425E-002 -4.126937966809795E-002
   1.37500000000000       8.415933377956414E-002 -4.026177174780869E-002
   1.38281250000000       8.292599001046329E-002 -3.912542035590832E-002
   1.39062500000000       8.179935854256121E-002 -3.787204029902835E-002
   1.39843750000000       8.074188382441824E-002 -3.650155850324192E-002
   1.40625000000000       7.972029508834436E-002 -3.500700363591916E-002
   1.41406250000000       7.869999764833610E-002 -3.337400489038161E-002
   1.42187500000000       7.763768794763391E-002 -3.157096447588789E-002
   1.42968750000000       7.643461372121325E-002 -2.944715550116573E-002
   1.43750000000000       7.450022959143021E-002 -2.755294760575111E-002
   1.44531250000000       7.268128284942524E-002 -2.600501076963889E-002
   1.45312500000000       7.089866331514035E-002 -2.457617479054141E-002
   1.46093750000000       6.912716254915707E-002 -2.322937099031006E-002
   1.46875000000000       6.735159215708282E-002 -2.195175021311616E-002
   1.47656250000000       6.556045333267949E-002 -2.074041913116098E-002
   1.48437500000000       6.374376857702810E-002 -1.959870105119743E-002
   1.49218750000000       6.189147112183341E-002 -1.853569175298155E-002
   1.50000000000000       5.999028638352791E-002 -1.756905051933096E-002
   1.50781250000000       5.800972182969418E-002 -1.674058145843049E-002
   1.51562500000000       5.605288211833755E-002 -1.632930107998960E-002
   1.52343750000000       5.448035358610468E-002 -1.593123088245144E-002
   1.53125000000000       5.300584797264258E-002 -1.546439283689754E-002
   1.53906250000000       5.157999619615631E-002 -1.495971749357220E-002
   1.54687500000000       5.017893981019578E-002 -1.443047984391136E-002
   1.55468750000000       4.878623619374944E-002 -1.388463326968292E-002
   1.56250000000000       4.738781417201076E-002 -1.332774450845021E-002
   1.57031250000000       4.596911132743559E-002 -1.276401607069393E-002
   1.57812500000000       4.451167527554015E-002 -1.219654846749801E-002
   1.58593750000000       4.298535450301848E-002 -1.162675291348723E-002
   1.59375000000000       4.131302599683667E-002 -1.104970766131428E-002
   1.60156250000000       3.927448319573389E-002 -1.085083173607267E-002
   1.60937500000000       3.761793647265496E-002 -1.101699019149595E-002
   1.61718750000000       3.615506339773329E-002 -1.121670478502832E-002
   1.62500000000000       3.482139468208518E-002 -1.143977625572516E-002
   1.63281250000000       3.359215086101753E-002 -1.168262913867266E-002
   1.64062500000000       3.245552324172821E-002 -1.194373125472376E-002
   1.64843750000000       3.140649877508793E-002 -1.222254756819229E-002
   1.65625000000000       3.044520862479178E-002 -1.251925191100790E-002
   1.66406250000000       2.957752549096383E-002 -1.283478709944011E-002
   1.67187500000000       2.881881759484873E-002 -1.317136467315555E-002
   1.67968750000000       2.820859672281768E-002 -1.353440234420782E-002
   1.68750000000000       2.798453776005627E-002 -1.389655876114426E-002
   1.69531250000000       2.773634675855554E-002 -1.362023661357671E-002
   1.70312500000000       2.725199303716284E-002 -1.332175291646719E-002
   1.71093750000000       2.667056715108282E-002 -1.302261972571730E-002
   1.71875000000000       2.602762308850860E-002 -1.273027983813673E-002
   1.72656250000000       2.534010448844947E-002 -1.244952851918432E-002
   1.73437500000000       2.461795722703786E-002 -1.218427015903037E-002
   1.74218750000000       2.386776607199993E-002 -1.193821591394456E-002
   1.75000000000000       2.309427103714003E-002 -1.171540002414502E-002
   1.75781250000000       2.230110713534131E-002 -1.152087935655341E-002
   1.76562500000000       2.149118830663810E-002 -1.136222167763292E-002
   1.77343750000000       2.066682004108317E-002 -1.125425567447206E-002
   1.78125000000000       1.982911600680274E-002 -1.126648782005855E-002
   1.78906250000000       1.923115616959788E-002 -1.129580537362879E-002
   1.79687500000000       1.863781169332252E-002 -1.121865281983778E-002
   1.80468750000000       1.803970548227231E-002 -1.109671278848098E-002
   1.81250000000000       1.743246717792152E-002 -1.094297681413065E-002
   1.82031250000000       1.681231426726427E-002 -1.076324062956923E-002
   1.82812500000000       1.617528059082876E-002 -1.056057607674579E-002
   1.83593750000000       1.551674961750004E-002 -1.033665990919724E-002
   1.84375000000000       1.483091577774804E-002 -1.009226956455025E-002
   1.85156250000000       1.410988990671076E-002 -9.827423762720082E-003
   1.85937500000000       1.334183498959804E-002 -9.541223463937005E-003
   1.86718750000000       1.250603508302708E-002 -9.231057430268936E-003
   1.87500000000000       1.155310818129081E-002 -8.888804728909055E-003
   1.88281250000000       1.021689114984797E-002 -8.693908183402242E-003
   1.89062500000000       9.159439280084973E-003 -8.950575760455637E-003
   1.89843750000000       8.283922020324562E-003 -9.157155652342049E-003
   1.90625000000000       7.481002916439464E-003 -9.319071229204633E-003
   1.91406250000000       6.712487350549915E-003 -9.443085104789549E-003
   1.92187500000000       5.957522222099857E-003 -9.534001228675905E-003
   1.92968750000000       5.201655627178639E-003 -9.595099356350016E-003
   1.93750000000000       4.432808416443976E-003 -9.628515604552121E-003
   1.94531250000000       3.639060616547248E-003 -9.635442121508039E-003
   1.95312500000000       2.806700405930008E-003 -9.616170056865591E-003
   1.96093750000000       1.917398243657704E-003 -9.569965907985560E-003
   1.96875000000000       9.420947419581541E-004 -9.494698862175121E-003
   1.97656250000000      -1.786976370172933E-004 -9.386034681051592E-003
   1.98437500000000      -1.736493977481176E-003 -9.257497910998494E-003
   1.99218750000000      -3.230018843679933E-003 -9.997201085233619E-003
   2.00000000000000      -4.386479467465521E-003 -1.069395847515429E-002
   2.00781250000000      -5.430373845307086E-003 -1.137924285300939E-002
   2.01562500000000      -6.410281229920624E-003 -1.205999921939200E-002
   2.02343750000000      -7.350458700939990E-003 -1.273856927171969E-002
   2.03125000000000      -8.267694842266807E-003 -1.341419172004224E-002
   2.03906250000000      -9.177834552390893E-003 -1.408255719667605E-002
   2.04687500000000      -1.010142801865100E-002 -1.473463176056802E-002
   2.05468750000000      -1.107243260933095E-002 -1.535569928781742E-002
   2.06250000000000      -1.215438815846091E-002 -1.592751322211532E-002
   2.07031250000000      -1.347040646503376E-002 -1.644178142924473E-002
   2.07812500000000      -1.525836022600090E-002 -1.694460994038162E-002
   2.08593750000000      -1.801116287733017E-002 -1.767584882798557E-002
   2.09375000000000      -2.335172569444690E-002 -2.070501554033084E-002
   2.10156250000000      -2.372482377982325E-002 -2.782114518885304E-002
   2.10937500000000      -2.157808703515795E-002 -3.298675888155680E-002
   2.11718750000000      -1.832192809118089E-002 -3.637200333077203E-002
   2.12500000000000      -1.491527720667262E-002 -3.815875984777250E-002
   2.13281250000000      -1.190878950639920E-002 -3.880128637769962E-002
   2.14062500000000      -9.493021552777292E-003 -3.876192999588113E-002
   2.14843750000000      -7.654303586873196E-003 -3.838344041742964E-002
   2.15625000000000      -6.300296309925209E-003 -3.788155903686241E-002
   2.16406250000000      -5.325857180542555E-003 -3.737972809186802E-002
   2.17187500000000      -4.638501789735268E-003 -3.694468822922140E-002
   2.17968750000000      -4.164338208669664E-003 -3.661222086919923E-002
   2.18750000000000      -3.846456238008781E-003 -3.640437391940191E-002
   2.19531250000000      -3.640990935526236E-003 -3.634339338542744E-002
   2.20312500000000      -3.511929613575240E-003 -3.647686115769250E-002
   2.21093750000000      -3.206728954971011E-003 -3.699608684556598E-002
   2.21875000000000      -2.561987725288100E-003 -3.727333006697809E-002
   2.22656250000000      -1.946627835740329E-003 -3.742718306873088E-002
   2.23437500000000      -1.353232782680301E-003 -3.752254418605670E-002
   2.24218750000000      -7.770099514586118E-004 -3.757961998872202E-002
   2.25000000000000      -2.139227657319460E-004 -3.760759968447758E-002
   2.25781250000000       3.396976093481828E-004 -3.761110302192586E-002
   2.26562500000000       8.873119889841452E-004 -3.759226139376186E-002
   2.27343750000000       1.432258212352479E-003 -3.755151219042036E-002
   2.28125000000000       1.977794020564630E-003 -3.748786927055085E-002
   2.28906250000000       2.527102960058853E-003 -3.739890001227193E-002
   2.29687500000000       3.083258677659239E-003 -3.728044827905147E-002
   2.30468750000000       3.649139296667539E-003 -3.712599036527103E-002
   2.31250000000000       4.227295249953740E-003 -3.692515983589050E-002
   2.32031250000000       4.819904611317410E-003 -3.665934961619662E-002
   2.32812500000000       5.431912489559069E-003 -3.626986447860081E-002
   2.33593750000000       5.824691430864905E-003 -3.577113797668955E-002
   2.34375000000000       6.169500564159811E-003 -3.535568765238607E-002
   2.35156250000000       6.496040716334307E-003 -3.495405755688107E-002
   2.35937500000000       6.807859339485450E-003 -3.455173724824926E-002
   2.36718750000000       7.106202214678398E-003 -3.414098418233451E-002
   2.37500000000000       7.391208838660034E-003 -3.371630817351118E-002
   2.38281250000000       7.662256335411319E-003 -3.327310330229758E-002
   2.39062500000000       7.918057184435110E-003 -3.280703213508410E-002
   2.39843750000000       8.156638644546006E-003 -3.231363610682463E-002
   2.40625000000000       8.375226835703877E-003 -3.178798112426748E-002
   2.41406250000000       8.570008478108224E-003 -3.122421052536407E-002
   2.42187500000000       8.735680287351666E-003 -3.061483034837414E-002
   2.42968750000000       8.864548354869561E-003 -2.994934491504375E-002
   2.43750000000000       8.944465536741024E-003 -2.921113353220587E-002
   2.44531250000000       8.952750824872471E-003 -2.836809545884016E-002
   2.45312500000000       8.822665087667618E-003 -2.731974438973292E-002
   2.46093750000000       7.998231512593604E-003 -2.633826077258341E-002
   2.46875000000000       7.220150122834280E-003 -2.585609326079124E-002
   2.47656250000000       6.511557304733850E-003 -2.552856164649912E-002
   2.48437500000000       5.847534624212681E-003 -2.530507557820524E-002
   2.49218750000000       5.218707592856527E-003 -2.516365048496143E-002
   2.50000000000000       4.620843576913966E-003 -2.509203200691781E-002
   2.53125000000000       2.523141450062342E-003 -2.538387426815960E-002
   2.56250000000000       9.896051019436087E-004 -2.649290014218594E-002
   2.59375000000000       9.142844343163478E-004 -2.834392756945797E-002
   2.62500000000000       1.528230211110952E-003 -2.861216993337580E-002
   2.65625000000000       1.718342235516755E-003 -2.860985077467157E-002
   2.68750000000000       1.671671988045581E-003 -2.854283614744093E-002
   2.71875000000000       1.319117075077842E-003 -2.854478957438152E-002
   2.75000000000000       1.008666537962469E-003 -2.931162181276497E-002
   2.78125000000000       1.370829211946540E-003 -2.998573886579846E-002
   2.81250000000000       2.044184435341428E-003 -3.039725003309849E-002
   2.84375000000000       2.928539634286703E-003 -3.040074202670342E-002
   2.87500000000000       3.730198863185604E-003 -2.952803121173991E-002
   2.90625000000000       3.329497711911221E-003 -2.895565107783218E-002
   2.93750000000000       3.057195580033977E-003 -2.879191869535247E-002
   2.96875000000000       2.825472456215970E-003 -2.877307004954511E-002
   3.00000000000000       2.598706761126188E-003 -2.887252118263391E-002
   3.03125000000000       2.363709663471687E-003 -2.923639183901796E-002
   3.06250000000000       2.537557062992248E-003 -2.966436412348234E-002
   3.09375000000000       2.801677599894533E-003 -2.997049701026097E-002
   3.12500000000000       3.125589667442089E-003 -3.021490786820711E-002
   3.15625000000000       3.505801837535189E-003 -3.040967488363143E-002
   3.18750000000000       3.978237154147389E-003 -3.054698727646251E-002
   3.21875000000000       4.407247624328517E-003 -3.047566726270738E-002
   3.25000000000000       4.754883126005958E-003 -3.041741466335098E-002
   3.28125000000000       5.075184476365187E-003 -3.035676274088956E-002
   3.31250000000000       5.371222044960445E-003 -3.029448225027487E-002
   3.34375000000000       5.631349052022572E-003 -3.024051848354406E-002
   3.37500000000000       5.871592103789073E-003 -3.030122356750195E-002
   3.40625000000000       6.245143119300495E-003 -3.036412353239996E-002
   3.43750000000000       6.666271185669099E-003 -3.038528501559706E-002
   3.46875000000000       7.124341408390385E-003 -3.036950443122920E-002
   3.50000000000000       7.622958419268014E-003 -3.031394997141527E-002
   3.53125000000000       8.196976761833293E-003 -3.019874641441539E-002
   3.56250000000000       8.713743595116086E-003 -2.984076804130715E-002
   3.59375000000000       9.080233566227827E-003 -2.951851344999221E-002
   3.62500000000000       9.398014036584983E-003 -2.922210432064593E-002
   3.65625000000000       9.680898414610863E-003 -2.895074518662138E-002
   3.68750000000000       9.934567899275940E-003 -2.871764760240334E-002
   3.71875000000000       1.016501238996839E-002 -2.858441198182698E-002
   3.75000000000000       1.067472766753768E-002 -2.849358596151951E-002
   3.78125000000000       1.118674950139580E-002 -2.817960622937564E-002
   3.81250000000000       1.164943268912024E-002 -2.775561861204413E-002
   3.84375000000000       1.204319660264787E-002 -2.723586011388254E-002
   3.87500000000000       1.233398499625564E-002 -2.661763796302141E-002
   3.90625000000000       1.243403101492907E-002 -2.587199535877514E-002
   3.93750000000000       1.197703418521085E-002 -2.537158107403221E-002
   3.96875000000000       1.179074781196254E-002 -2.532388459086100E-002
   4.00000000000000       1.177291995759140E-002 -2.532294242845150E-002
   4.03125000000000       1.186487942883260E-002 -2.533565416677696E-002
   4.06250000000000       1.204810395400721E-002 -2.534495792505033E-002
   4.09375000000000       1.232283514208566E-002 -2.533434027810076E-002
   4.12500000000000       1.275127206776334E-002 -2.525065012961574E-002
   4.15625000000000       1.303623924592770E-002 -2.491946793489832E-002
   4.18750000000000       1.323412520717199E-002 -2.466716192102755E-002
   4.21875000000000       1.341176323782974E-002 -2.445371052955248E-002
   4.25000000000000       1.358404693591385E-002 -2.427402109748482E-002
   4.28125000000000       1.375998963009662E-002 -2.413166437759576E-002
   4.31250000000000       1.395042355352370E-002 -2.404221880331288E-002
   4.34375000000000       1.422593648354105E-002 -2.409265344528172E-002
   4.37500000000000       1.474555207480651E-002 -2.397139882596061E-002
   4.40625000000000       1.522067517399402E-002 -2.373030402610547E-002
   4.43750000000000       1.567141765985033E-002 -2.342666249228163E-002
   4.46875000000000       1.610199584523579E-002 -2.307486576225087E-002
   4.50000000000000       1.651441349268132E-002 -2.268087655741506E-002
   4.53125000000000       1.691125851533674E-002 -2.224602351074571E-002
   4.56250000000000       1.730294814729446E-002 -2.176165494398733E-002
   4.59375000000000       1.762353570688103E-002 -2.117428088915991E-002
   4.62500000000000       1.786284835373687E-002 -2.059892361321969E-002
   4.65625000000000       1.805888338903207E-002 -2.002006210398608E-002
   4.68750000000000       1.821330291549091E-002 -1.943234354625856E-002
   4.71875000000000       1.832304979762193E-002 -1.883275082046365E-002
   4.75000000000000       1.838017695935622E-002 -1.821788005610176E-002
   4.78125000000000       1.836508053891346E-002 -1.758055295786924E-002
   4.81250000000000       1.815133552468789E-002 -1.693543796820625E-002
   4.84375000000000       1.792123407078365E-002 -1.656301126467003E-002
   4.87500000000000       1.776878723418534E-002 -1.622875140917188E-002
   4.90625000000000       1.764678454595187E-002 -1.591209586105257E-002
   4.93750000000000       1.753977466872963E-002 -1.560672377748131E-002
   4.96875000000000       1.743837772782486E-002 -1.530946779488067E-002
   5.00000000000000       1.733391301066061E-002 -1.501841383197502E-002
   5.03125000000000       1.721289778686443E-002 -1.473219622803703E-002
   5.06250000000000       1.701433375889508E-002 -1.447896299681354E-002
   5.09375000000000       1.687640012395182E-002 -1.436344847609838E-002
   5.12500000000000       1.680192774918384E-002 -1.425292202965304E-002
   5.15625000000000       1.676483466432360E-002 -1.414675537065748E-002
   5.18750000000000       1.675860212288157E-002 -1.404488853462332E-002
   5.21875000000000       1.678195025720632E-002 -1.394759196473438E-002
   5.25000000000000       1.683746391145021E-002 -1.385561725301116E-002
   5.28125000000000       1.693404887833796E-002 -1.377080487458460E-002
   5.31250000000000       1.710540225410817E-002 -1.369973727375603E-002
   5.34375000000000       1.739802645953904E-002 -1.346484019391144E-002
   5.37500000000000       1.757334817307271E-002 -1.315108121265421E-002
   5.40625000000000       1.770402569453228E-002 -1.282746060947083E-002
   5.43750000000000       1.780516296284156E-002 -1.249728005903150E-002
   5.46875000000000       1.788203749415195E-002 -1.216183948177241E-002
   5.50000000000000       1.793593633178979E-002 -1.182163210280556E-002
   5.53125000000000       1.796486404541654E-002 -1.147650601739264E-002
   5.56250000000000       1.796100846561942E-002 -1.112517971384582E-002
   5.59375000000000       1.788611204565041E-002 -1.076027683900040E-002
   5.62500000000000       1.775226163916553E-002 -1.056368240990116E-002
   5.65625000000000       1.771143991796775E-002 -1.039708450331574E-002
   5.68750000000000       1.770859606789926E-002 -1.023796310192606E-002
   5.71875000000000       1.773535165467818E-002 -1.008429102110160E-002
   5.75000000000000       1.779033563462847E-002 -9.935454989108687E-003
   5.78125000000000       1.787614292517034E-002 -9.791549146187559E-003
   5.81250000000000       1.799996291127167E-002 -9.653374131159853E-003
   5.84375000000000       1.817821804983678E-002 -9.523043203390834E-003
   5.87500000000000       1.846231009855880E-002 -9.407562333634033E-003
   5.90625000000000       1.895980486044272E-002 -9.040438751889162E-003
   5.93750000000000       1.923799517041310E-002 -8.501678785116656E-003
   5.96875000000000       1.942065884936293E-002 -7.948187814387855E-003
   6.00000000000000       1.953950642706475E-002 -7.385649804304080E-003
   6.03125000000000       1.960685798540028E-002 -6.816763231099388E-003
   6.06250000000000       1.962862195310916E-002 -6.243238131324423E-003
   6.09375000000000       1.960740917927637E-002 -5.666312157807846E-003
   6.12500000000000       1.954325800330609E-002 -5.086916982318375E-003
   6.15625000000000       1.943249087646749E-002 -4.505614511107324E-003
   6.18750000000000       1.925483754284356E-002 -3.921071761811844E-003
   6.21875000000000       1.902293556060167E-002 -3.431986538335919E-003
   6.25000000000000       1.881671335658394E-002 -2.957324418163121E-003
   6.28125000000000       1.860247057487173E-002 -2.485133134462284E-003
   6.31250000000000       1.837251638980442E-002 -2.014320778320587E-003
   6.34375000000000       1.812188223497721E-002 -1.544344893507996E-003
   6.37500000000000       1.784579622423518E-002 -1.074844673421058E-003
   6.40625000000000       1.753835856196049E-002 -6.055081698952665E-004
   6.43750000000000       1.719071411897186E-002 -1.359711310801855E-004
   6.46875000000000       1.678630580084071E-002  3.343729686001095E-004
   6.50000000000000       1.627618448531954E-002  8.072996179320461E-004
   6.53125000000000       1.560503110705519E-002  1.031770975849009E-003
   6.56250000000000       1.512344147399167E-002  1.145227285487066E-003
   6.59375000000000       1.470586290404738E-002  1.255520539222343E-003
   6.62500000000000       1.432390740558899E-002  1.363858556345353E-003
   6.65625000000000       1.396497474163548E-002  1.470821760060358E-003
   6.68750000000000       1.362143479144262E-002  1.576795394559063E-003
   6.71875000000000       1.328764984324178E-002  1.682096492906471E-003
   6.75000000000000       1.295857259996975E-002  1.787045374036403E-003
   6.78125000000000       1.262848116927846E-002  1.892051845856456E-003
   6.81250000000000       1.228825590173856E-002  1.997838511262427E-003
   6.84375000000000       1.190424008723258E-002  2.107265869162998E-003
   6.87500000000000       1.150901644864234E-002  2.088008580828363E-003
   6.90625000000000       1.118414357853849E-002  2.059160483492826E-003
   6.93750000000000       1.088960170939208E-002  2.027370385492137E-003
   6.96875000000000       1.061712913401659E-002  1.993397418448095E-003
   7.00000000000000       1.036274432036442E-002  1.957613650805525E-003
   7.03125000000000       1.012414515849448E-002  1.920237189158847E-003
   7.06250000000000       9.899961215269974E-003  1.881398994850052E-003
   7.09375000000000       9.689522198869250E-003  1.841161828727064E-003
   7.12500000000000       9.492924802650377E-003  1.799508625718021E-003
   7.15625000000000       9.311624669225887E-003  1.756270288555321E-003
   7.18750000000000       9.152006311587732E-003  1.710691508794339E-003
   7.21875000000000       9.025110508165221E-003  1.699496732217695E-003
   7.25000000000000       8.875660420948681E-003  1.707435953600182E-003
   7.28125000000000       8.720212483228200E-003  1.716495818703148E-003
   7.31250000000000       8.562287525695662E-003  1.726193809514582E-003
   7.34375000000000       8.403006815565498E-003  1.736355109993941E-003
   7.37500000000000       8.242676270458511E-003  1.746909994128280E-003
   7.40625000000000       8.081167251361964E-003  1.757843956393314E-003
   7.43750000000000       7.918011448122658E-003  1.769183639123986E-003
   7.46875000000000       7.752349738313636E-003  1.780999838869030E-003
   7.50000000000000       7.582683234013714E-003  1.793431439083912E-003
   7.53125000000000       7.406012821636733E-003  1.806771432724985E-003
   7.56250000000000       7.212052069553247E-003  1.822050353473631E-003
   7.59375000000000       7.000505761224009E-003  1.791618204518856E-003
   7.62500000000000       6.817567191608351E-003  1.751167130026283E-003
   7.65625000000000       6.644333297108644E-003  1.709712649495900E-003
   7.68750000000000       6.476553699627954E-003  1.667706288045820E-003
   7.71875000000000       6.311644812762300E-003  1.625421863741025E-003
   7.75000000000000       6.147273483989778E-003  1.583103510534577E-003
   7.78125000000000       5.980697181671306E-003  1.541034670139141E-003
   7.81250000000000       5.808007201198531E-003  1.499616914258146E-003
   7.84375000000000       5.622650734043134E-003  1.459524412510274E-003
   7.87500000000000       5.411529764395149E-003  1.422115210520090E-003
   7.90625000000000       5.140783165372713E-003  1.390947829947291E-003
   7.93750000000000       4.656187734297209E-003  1.382588432099165E-003
   7.96875000000000       4.471024709456259E-003 -4.393139283438580E-007
   8.00000000000000       4.933064791465418E-003 -2.638064251968164E-007
   8.03125000000000       5.100505679584351E-003 -1.987456367632845E-007
   8.06250000000000       5.185752700966943E-003 -1.616990674536986E-007
   8.09375000000000       5.231765846031119E-003 -1.371104681628245E-007
   8.12500000000000       5.254923100291820E-003 -1.193820579431200E-007
   8.15625000000000       5.263261959719704E-003 -1.059074001283635E-007
   8.18750000000000       5.261333436352745E-003 -9.528061237051692E-008
   8.21875000000000       5.251965877038921E-003 -8.666641595208387E-008
   8.25000000000000       5.237036185005721E-003 -7.953307920955603E-008
   8.28125000000000       5.217851979562309E-003 -7.352411350218882E-008
   8.31250000000000       5.195359035832145E-003 -6.839058609563214E-008
   8.34375000000000       5.170261989117633E-003 -6.395292747520556E-008
   8.37500000000000       5.143098547565935E-003 -6.007804398201245E-008
   8.40625000000000       5.114287194949519E-003 -5.666505108854140E-008
   8.43750000000000       5.084159014949729E-003 -5.363598677930726E-008
   8.46875000000000       5.052979585169851E-003 -5.092960106662330E-008
   8.50000000000000       5.020964452554760E-003 -4.849705961424295E-008
   8.53125000000000       4.988290318447546E-003 -4.629893329426870E-008
   8.56250000000000       4.955103290080796E-003 -4.430302896840866E-008
   8.59375000000000       4.921525073220571E-003 -4.248279585409421E-008
   8.62500000000000       4.887657699143398E-003 -4.081611050048116E-008
   8.65625000000000       4.853587168225588E-003 -3.928443087463632E-008
   8.68750000000000       4.819386312603333E-003 -3.787205815751780E-008
   8.71875000000000       4.785117056670645E-003 -3.656563158843987E-008
   8.75000000000000       4.750832224709576E-003 -3.535370267012132E-008
   8.78125000000000       4.716577000291009E-003 -3.422640713381786E-008
   8.81250000000000       4.682390114725294E-003 -3.317519550351521E-008
   8.84375000000000       4.648304823277424E-003 -3.219262440738708E-008
   8.87500000000000       4.614349703416438E-003 -3.127218507028618E-008
   8.90625000000000       4.580549330490880E-003 -3.040815546462446E-008
   8.93750000000000       4.546924832291588E-003 -2.959549467732107E-008
   8.96875000000000       4.513494361911266E-003 -2.882972913184428E-008
   9.00000000000000       4.480273494123188E-003 -2.810689159136315E-008
   9.03125000000000       4.447275562173862E-003 -2.742345163494732E-008
   9.06250000000000       4.414511948864155E-003 -2.677624078032201E-008
   9.09375000000000       4.381992330271060E-003 -2.616242136399273E-008
   9.12500000000000       4.349724887729461E-003 -2.557943949401997E-008
   9.15625000000000       4.317716494063245E-003 -2.502500044880785E-008
   9.18750000000000       4.285972869194538E-003 -2.449702080486863E-008
   9.21875000000000       4.254498718209086E-003 -2.399361601591133E-008
   9.25000000000000       4.223297854425513E-003 -2.351307387138955E-008
   9.28125000000000       4.192373300136019E-003 -2.305383341086304E-008
   9.31250000000000       4.161727379364431E-003 -2.261447624144251E-008
   9.34375000000000       4.131361802071182E-003 -2.219370066963375E-008
   9.37500000000000       4.101277728788974E-003 -2.179031938701325E-008
   9.40625000000000       4.071475841119742E-003 -2.140324527398989E-008
   9.43750000000000       4.041956388613817E-003 -2.103146705075188E-008
   9.46875000000000       4.012719244227546E-003 -2.067406485890540E-008
   9.50000000000000       3.983763944624977E-003 -2.033019275833153E-008
   9.53125000000000       3.955089729791746E-003 -1.999906499804941E-008
   9.56250000000000       3.926695578277756E-003 -1.967994542450283E-008
   9.59375000000000       3.898580233268700E-003 -1.937217075731419E-008
   9.62500000000000       3.870742235960131E-003 -1.907511386155638E-008
   9.65625000000000       3.843179946616080E-003 -1.878820176120946E-008
   9.68750000000000       3.815891567153193E-003 -1.851088747060570E-008
   9.71875000000000       3.788875158677042E-003 -1.824267879956703E-008
   9.75000000000000       3.762128663017525E-003 -1.798309846143980E-008
   9.78125000000000       3.735649913874753E-003 -1.773172648736153E-008
   9.81250000000000       3.709436656023528E-003 -1.748814017375950E-008
   9.84375000000000       3.683486551390022E-003 -1.725196539615557E-008
   9.87500000000000       3.657797195138393E-003 -1.702285108586118E-008
   9.90625000000000       3.632366126869461E-003 -1.680045580157105E-008
   9.93750000000000       3.607190836191892E-003 -1.658446946663412E-008
   9.96875000000000       3.582268770591180E-003 -1.637460018999345E-008
   10.0000000000000       3.557597347090315E-003 -1.617057355333680E-008
   11.0000000000000       3.234179406445741E-003  0.000000000000000E+000
   12.0000000000000       2.964664455908596E-003  0.000000000000000E+000
   13.0000000000000       2.736613343915627E-003  0.000000000000000E+000
   14.0000000000000       2.541140962207367E-003  0.000000000000000E+000
   15.0000000000000       2.371731564726877E-003  0.000000000000000E+000
   16.0000000000000       2.223498341931447E-003  0.000000000000000E+000
   17.0000000000000       2.092704321817832E-003  0.000000000000000E+000
   18.0000000000000       1.976442970605730E-003  0.000000000000000E+000
   19.0000000000000       1.872419656363323E-003  0.000000000000000E+000
   20.0000000000000       1.778798673545157E-003  0.000000000000000E+000
   21.0000000000000       1.694093974804912E-003  0.000000000000000E+000
   22.0000000000000       1.617089703222870E-003  0.000000000000000E+000
   23.0000000000000       1.546781455256659E-003  0.000000000000000E+000
   24.0000000000000       1.482332227954298E-003  0.000000000000000E+000
   25.0000000000000       1.423038938836126E-003  0.000000000000000E+000
   26.0000000000000       1.368306671957813E-003  0.000000000000000E+000
   27.0000000000000       1.317628647070487E-003  0.000000000000000E+000
   28.0000000000000       1.270570481103684E-003  0.000000000000000E+000
   29.0000000000000       1.226757705893212E-003  0.000000000000000E+000
   30.0000000000000       1.185865782363438E-003  0.000000000000000E+000
   31.0000000000000       1.147612047448489E-003  0.000000000000000E+000
   32.0000000000000       1.111749170965723E-003  0.000000000000000E+000
   33.0000000000000       1.078059802148580E-003  0.000000000000000E+000
   34.0000000000000       1.046352160908916E-003  0.000000000000000E+000
   35.0000000000000       1.016456384882947E-003  0.000000000000000E+000
   36.0000000000000       9.882214853028652E-004  0.000000000000000E+000
   37.0000000000000       9.615127965108958E-004  0.000000000000000E+000
   38.0000000000000       9.362098281816617E-004  0.000000000000000E+000
   39.0000000000000       9.122044479718755E-004  0.000000000000000E+000
   40.0000000000000       8.893993367725787E-004  0.000000000000000E+000
   41.0000000000000       8.677066700220280E-004  0.000000000000000E+000
   42.0000000000000       8.470469874024559E-004  0.000000000000000E+000
   43.0000000000000       8.273482202535616E-004  0.000000000000000E+000
   44.0000000000000       8.085448516114351E-004  0.000000000000000E+000
   45.0000000000000       7.905771882422922E-004  0.000000000000000E+000
   46.0000000000000       7.733907276283293E-004  0.000000000000000E+000
   47.0000000000000       7.569356057638968E-004  0.000000000000000E+000
   48.0000000000000       7.411661139771489E-004  0.000000000000000E+000
   49.0000000000000       7.260402749163907E-004  0.000000000000000E+000
   50.0000000000000       7.115194694180629E-004  0.000000000000000E+000
   51.0000000000000       6.975681072726107E-004  0.000000000000000E+000
   52.0000000000000       6.841533359789066E-004  0.000000000000000E+000
   53.0000000000000       6.712447824698707E-004  0.000000000000000E+000
   54.0000000000000       6.588143235352435E-004  0.000000000000000E+000
   55.0000000000000       6.468358812891481E-004  0.000000000000000E+000
   56.0000000000000       6.352852405518419E-004  0.000000000000000E+000
   57.0000000000000       6.241398854544412E-004  0.000000000000000E+000
   58.0000000000000       6.133788529466060E-004  0.000000000000000E+000
   59.0000000000000       6.029826012017483E-004  0.000000000000000E+000
   60.0000000000000       5.929328911817191E-004  0.000000000000000E+000
   61.0000000000000       5.832126798508713E-004  0.000000000000000E+000
   62.0000000000000       5.738060237242443E-004  0.000000000000000E+000
   63.0000000000000       5.646979916016372E-004  0.000000000000000E+000
   64.0000000000000       5.558745854828617E-004  0.000000000000000E+000
   65.0000000000000       5.473226687831254E-004  0.000000000000000E+000
   66.0000000000000       5.390299010742901E-004  0.000000000000000E+000
   67.0000000000000       5.309846786701962E-004  0.000000000000000E+000
   68.0000000000000       5.231760804544581E-004  0.000000000000000E+000
   69.0000000000000       5.155938184188862E-004  0.000000000000000E+000
   70.0000000000000       5.082281924414736E-004  0.000000000000000E+000
   71.0000000000000       5.010700488859598E-004  0.000000000000000E+000
   72.0000000000000       4.941107426514326E-004  0.000000000000000E+000
   73.0000000000000       4.873421023411390E-004  0.000000000000000E+000
   74.0000000000000       4.807563982554479E-004  0.000000000000000E+000
   75.0000000000000       4.743463129453753E-004  0.000000000000000E+000
   76.0000000000000       4.681049140908309E-004  0.000000000000000E+000
   77.0000000000000       4.620256294922487E-004  0.000000000000000E+000
   78.0000000000000       4.561022239859378E-004  0.000000000000000E+000
   79.0000000000000       4.503287781126981E-004  0.000000000000000E+000
   80.0000000000000       4.446996683862894E-004  0.000000000000000E+000
   81.0000000000000       4.392095490234956E-004  0.000000000000000E+000
   82.0000000000000       4.338533350110140E-004  0.000000000000000E+000
   83.0000000000000       4.286261863964235E-004  0.000000000000000E+000
   84.0000000000000       4.235234937012279E-004  0.000000000000000E+000
   85.0000000000000       4.185408643635664E-004  0.000000000000000E+000
   86.0000000000000       4.136741101267808E-004  0.000000000000000E+000
   87.0000000000000       4.089192352977373E-004  0.000000000000000E+000
   88.0000000000000       4.042724258057176E-004  0.000000000000000E+000
   89.0000000000000       3.997300389989117E-004  0.000000000000000E+000
   90.0000000000000       3.952885941211461E-004  0.000000000000000E+000
   91.0000000000000       3.909447634165181E-004  0.000000000000000E+000
   92.0000000000000       3.866953638141647E-004  0.000000000000000E+000
   93.0000000000000       3.825373491494962E-004  0.000000000000000E+000
   94.0000000000000       3.784678028819484E-004  0.000000000000000E+000
   95.0000000000000       3.744839312726647E-004  0.000000000000000E+000
   96.0000000000000       3.705830569885745E-004  0.000000000000000E+000
   97.0000000000000       3.667626131020943E-004  0.000000000000000E+000
   98.0000000000000       3.630201374581954E-004  0.000000000000000E+000
   99.0000000000000       3.593532673828601E-004  0.000000000000000E+000
   100.000000000000       3.557597347090314E-004  0.000000000000000E+000
   101.000000000000       3.522373610980510E-004  0.000000000000000E+000
   102.000000000000       3.487840536363053E-004  0.000000000000000E+000
   103.000000000000       3.453978006883801E-004  0.000000000000000E+000
   104.000000000000       3.420766679894533E-004  0.000000000000000E+000
   105.000000000000       3.388187949609824E-004  0.000000000000000E+000
   106.000000000000       3.356223912349353E-004  0.000000000000000E+000
   107.000000000000       3.324857333729266E-004  0.000000000000000E+000
   108.000000000000       3.294071617676217E-004  0.000000000000000E+000
   109.000000000000       3.263850777147078E-004  0.000000000000000E+000
   110.000000000000       3.234179406445741E-004  0.000000000000000E+000
   111.000000000000       3.205042655036319E-004  0.000000000000000E+000
   112.000000000000       3.176426202759209E-004  0.000000000000000E+000
   113.000000000000       3.148316236363111E-004  0.000000000000000E+000
   114.000000000000       3.120699427272206E-004  0.000000000000000E+000
   115.000000000000       3.093562910513317E-004  0.000000000000000E+000
   116.000000000000       3.066894264733030E-004  0.000000000000000E+000
   117.000000000000       3.040681493239585E-004  0.000000000000000E+000
   118.000000000000       3.014913006008741E-004  0.000000000000000E+000
   119.000000000000       2.989577602596903E-004  0.000000000000000E+000
   120.000000000000       2.964664455908596E-004  0.000000000000000E+000
   121.000000000000       2.940163096768855E-004  0.000000000000000E+000
   122.000000000000       2.916063399254356E-004  0.000000000000000E+000
   123.000000000000       2.892355566740093E-004  0.000000000000000E+000
   124.000000000000       2.869030118621222E-004  0.000000000000000E+000
   125.000000000000       2.846077877672252E-004  0.000000000000000E+000
   126.000000000000       2.823489958008186E-004  0.000000000000000E+000
   127.000000000000       2.801257753614421E-004  0.000000000000000E+000
   128.000000000000       2.779372927414308E-004  0.000000000000000E+000
   129.000000000000       2.757827400845205E-004  0.000000000000000E+000
   130.000000000000       2.736613343915627E-004  0.000000000000000E+000
   131.000000000000       2.715723165717797E-004  0.000000000000000E+000
   132.000000000000       2.695149505371450E-004  0.000000000000000E+000
   133.000000000000       2.674885223376176E-004  0.000000000000000E+000
   134.000000000000       2.654923393350981E-004  0.000000000000000E+000
   135.000000000000       2.635257294140974E-004  0.000000000000000E+000
   136.000000000000       2.615880402272290E-004  0.000000000000000E+000
   137.000000000000       2.596786384737456E-004  0.000000000000000E+000
   138.000000000000       2.577969092094431E-004  0.000000000000000E+000
   139.000000000000       2.559422551863536E-004  0.000000000000000E+000
   140.000000000000       2.541140962207368E-004  0.000000000000000E+000
   141.000000000000       2.523118685879656E-004  0.000000000000000E+000
   142.000000000000       2.505350244429799E-004  0.000000000000000E+000
   143.000000000000       2.487830312650570E-004  0.000000000000000E+000
   144.000000000000       2.470553713257163E-004  0.000000000000000E+000
   145.000000000000       2.453515411786424E-004  0.000000000000000E+000
   146.000000000000       2.436710511705695E-004  0.000000000000000E+000
   147.000000000000       2.420134249721303E-004  0.000000000000000E+000
   148.000000000000       2.403781991277240E-004  0.000000000000000E+000
   149.000000000000       2.387649226235110E-004  0.000000000000000E+000
   150.000000000000       2.371731564726876E-004  0.000000000000000E+000
   151.000000000000       2.356024733172394E-004  0.000000000000000E+000
   152.000000000000       2.340524570454154E-004  0.000000000000000E+000
   153.000000000000       2.325227024242036E-004  0.000000000000000E+000
   154.000000000000       2.310128147461243E-004  0.000000000000000E+000
   155.000000000000       2.295224094896977E-004  0.000000000000000E+000
   156.000000000000       2.280511119929689E-004  0.000000000000000E+000
   157.000000000000       2.265985571395105E-004  0.000000000000000E+000
   158.000000000000       2.251643890563490E-004  0.000000000000000E+000
   159.000000000000       2.237482608232902E-004  0.000000000000000E+000
   160.000000000000       2.223498341931447E-004  0.000000000000000E+000
   161.000000000000       2.209687793223798E-004  0.000000000000000E+000
   162.000000000000       2.196047745117478E-004  0.000000000000000E+000
   163.000000000000       2.182575059564610E-004  0.000000000000000E+000
   164.000000000000       2.169266675055070E-004  0.000000000000000E+000
   165.000000000000       2.156119604297160E-004  0.000000000000000E+000
   166.000000000000       2.143130931982117E-004  0.000000000000000E+000
   167.000000000000       2.130297812628931E-004  0.000000000000000E+000
   168.000000000000       2.117617468506140E-004  0.000000000000000E+000
   169.000000000000       2.105087187627405E-004  0.000000000000000E+000
   170.000000000000       2.092704321817832E-004  0.000000000000000E+000
   171.000000000000       2.080466284848137E-004  0.000000000000000E+000
   172.000000000000       2.068370550633904E-004  0.000000000000000E+000
   173.000000000000       2.056414651497292E-004  0.000000000000000E+000
   174.000000000000       2.044596176488687E-004  0.000000000000000E+000
   175.000000000000       2.032912769765894E-004  0.000000000000000E+000
   176.000000000000       2.021362129028588E-004  0.000000000000000E+000
   177.000000000000       2.009942004005828E-004  0.000000000000000E+000
   178.000000000000       1.998650194994559E-004  0.000000000000000E+000
   179.000000000000       1.987484551447103E-004  0.000000000000000E+000
   180.000000000000       1.976442970605730E-004  0.000000000000000E+000
   181.000000000000       1.965523396182494E-004  0.000000000000000E+000
   182.000000000000       1.954723817082591E-004  0.000000000000000E+000
   183.000000000000       1.944042266169571E-004  0.000000000000000E+000
   184.000000000000       1.933476819070823E-004  0.000000000000000E+000
   185.000000000000       1.923025593021792E-004  0.000000000000000E+000
   186.000000000000       1.912686745747481E-004  0.000000000000000E+000
   187.000000000000       1.902458474379847E-004  0.000000000000000E+000
   188.000000000000       1.892339014409742E-004  0.000000000000000E+000
   189.000000000000       1.882326638672124E-004  0.000000000000000E+000
   190.000000000000       1.872419656363324E-004  0.000000000000000E+000
   191.000000000000       1.862616412089170E-004  0.000000000000000E+000
   192.000000000000       1.852915284942872E-004  0.000000000000000E+000
   193.000000000000       1.843314687611562E-004  0.000000000000000E+000
   194.000000000000       1.833813065510471E-004  0.000000000000000E+000
   195.000000000000       1.824408895943751E-004  0.000000000000000E+000
   196.000000000000       1.815100687290977E-004  0.000000000000000E+000
   197.000000000000       1.805886978218434E-004  0.000000000000000E+000
   198.000000000000       1.796766336914300E-004  0.000000000000000E+000
   199.000000000000       1.787737360346892E-004  0.000000000000000E+000
   200.000000000000       1.778798673545157E-004  0.000000000000000E+000
   201.000000000000       1.769948928900654E-004  0.000000000000000E+000
   202.000000000000       1.761186805490255E-004  0.000000000000000E+000
   203.000000000000       1.752511008418874E-004  0.000000000000000E+000
   204.000000000000       1.743920268181527E-004  0.000000000000000E+000
   205.000000000000       1.735413340044056E-004  0.000000000000000E+000
   206.000000000000       1.726989003441900E-004  0.000000000000000E+000
   207.000000000000       1.718646061396287E-004  0.000000000000000E+000
   208.000000000000       1.710383339947267E-004  0.000000000000000E+000
   209.000000000000       1.702199687603021E-004  0.000000000000000E+000
   210.000000000000       1.694093974804912E-004  0.000000000000000E+000
   211.000000000000       1.686065093407732E-004  0.000000000000000E+000
   212.000000000000       1.678111956174677E-004  0.000000000000000E+000
   213.000000000000       1.670233496286533E-004  0.000000000000000E+000
   214.000000000000       1.662428666864633E-004  0.000000000000000E+000
   215.000000000000       1.654696440507123E-004  0.000000000000000E+000
   216.000000000000       1.647035808838109E-004  0.000000000000000E+000
   217.000000000000       1.639445782069269E-004  0.000000000000000E+000
   218.000000000000       1.631925388573539E-004  0.000000000000000E+000
   219.000000000000       1.624473674470463E-004  0.000000000000000E+000
   220.000000000000       1.617089703222870E-004  0.000000000000000E+000
   221.000000000000       1.609772555244486E-004  0.000000000000000E+000
   222.000000000000       1.602521327518160E-004  0.000000000000000E+000
   223.000000000000       1.595335133224356E-004  0.000000000000000E+000
   224.000000000000       1.588213101379605E-004  0.000000000000000E+000
   225.000000000000       1.581154376484584E-004  0.000000000000000E+000
   226.000000000000       1.574158118181555E-004  0.000000000000000E+000
   227.000000000000       1.567223500920843E-004  0.000000000000000E+000
   228.000000000000       1.560349713636103E-004  0.000000000000000E+000
   229.000000000000       1.553535959428085E-004  0.000000000000000E+000
   230.000000000000       1.546781455256658E-004  0.000000000000000E+000
   231.000000000000       1.540085431640829E-004  0.000000000000000E+000
   232.000000000000       1.533447132366515E-004  0.000000000000000E+000
   233.000000000000       1.526865814201852E-004  0.000000000000000E+000
   234.000000000000       1.520340746619793E-004  0.000000000000000E+000
   235.000000000000       1.513871211527794E-004  0.000000000000000E+000
   236.000000000000       1.507456503004371E-004  0.000000000000000E+000
   237.000000000000       1.501095927042327E-004  0.000000000000000E+000
   238.000000000000       1.494788801298452E-004  0.000000000000000E+000
   239.000000000000       1.488534454849504E-004  0.000000000000000E+000
   240.000000000000       1.482332227954298E-004  0.000000000000000E+000
   241.000000000000       1.476181471821707E-004  0.000000000000000E+000
   242.000000000000       1.470081548384428E-004  0.000000000000000E+000
   243.000000000000       1.464031830078319E-004  0.000000000000000E+000
   244.000000000000       1.458031699627178E-004  0.000000000000000E+000
   245.000000000000       1.452080549832782E-004  0.000000000000000E+000
   246.000000000000       1.446177783370047E-004  0.000000000000000E+000
   247.000000000000       1.440322812587172E-004  0.000000000000000E+000
   248.000000000000       1.434515059310611E-004  0.000000000000000E+000
   249.000000000000       1.428753954654745E-004  0.000000000000000E+000
   250.000000000000       1.423038938836126E-004  0.000000000000000E+000
   251.000000000000       1.417369460992157E-004  0.000000000000000E+000
   252.000000000000       1.411744979004093E-004  0.000000000000000E+000
   253.000000000000       1.406164959324235E-004  0.000000000000000E+000
   254.000000000000       1.400628876807210E-004  0.000000000000000E+000
   255.000000000000       1.395136214545221E-004  0.000000000000000E+000
   256.000000000000       1.389686463707154E-004  0.000000000000000E+000
   257.000000000000       1.384279123381445E-004  0.000000000000000E+000
   258.000000000000       1.378913700422602E-004  0.000000000000000E+000
   259.000000000000       1.373589709301280E-004  0.000000000000000E+000
   260.000000000000       1.368306671957813E-004  0.000000000000000E+000
   261.000000000000       1.363064117659124E-004  0.000000000000000E+000
   262.000000000000       1.357861582858899E-004  0.000000000000000E+000
   263.000000000000       1.352698611060956E-004  0.000000000000000E+000
   264.000000000000       1.347574752685725E-004  0.000000000000000E+000
   265.000000000000       1.342489564939741E-004  0.000000000000000E+000
   266.000000000000       1.337442611688088E-004  0.000000000000000E+000
   267.000000000000       1.332433463329706E-004  0.000000000000000E+000
   268.000000000000       1.327461696675490E-004  0.000000000000000E+000
   269.000000000000       1.322526894829113E-004  0.000000000000000E+000
   270.000000000000       1.317628647070487E-004  0.000000000000000E+000
   271.000000000000       1.312766548741814E-004  0.000000000000000E+000
   272.000000000000       1.307940201136145E-004  0.000000000000000E+000
   273.000000000000       1.303149211388394E-004  0.000000000000000E+000
   274.000000000000       1.298393192368728E-004  0.000000000000000E+000
   275.000000000000       1.293671762578296E-004  0.000000000000000E+000
   276.000000000000       1.288984546047216E-004  0.000000000000000E+000
   277.000000000000       1.284331172234771E-004  0.000000000000000E+000
   278.000000000000       1.279711275931768E-004  0.000000000000000E+000
   279.000000000000       1.275124497164987E-004  0.000000000000000E+000
   280.000000000000       1.270570481103684E-004  0.000000000000000E+000
   281.000000000000       1.266048877968083E-004  0.000000000000000E+000
   282.000000000000       1.261559342939828E-004  0.000000000000000E+000
   283.000000000000       1.257101536074316E-004  0.000000000000000E+000
   284.000000000000       1.252675122214899E-004  0.000000000000000E+000
   285.000000000000       1.248279770908882E-004  0.000000000000000E+000
   286.000000000000       1.243915156325285E-004  0.000000000000000E+000
   287.000000000000       1.239580957174326E-004  0.000000000000000E+000
   288.000000000000       1.235276856628582E-004  0.000000000000000E+000
   289.000000000000       1.231002542245784E-004  0.000000000000000E+000
   290.000000000000       1.226757705893212E-004  0.000000000000000E+000
   291.000000000000       1.222542043673648E-004  0.000000000000000E+000
   292.000000000000       1.218355255852848E-004  0.000000000000000E+000
   293.000000000000       1.214197046788503E-004  0.000000000000000E+000
   294.000000000000       1.210067124860651E-004  0.000000000000000E+000
   295.000000000000       1.205965202403497E-004  0.000000000000000E+000
   296.000000000000       1.201890995638620E-004  0.000000000000000E+000
   297.000000000000       1.197844224609533E-004  0.000000000000000E+000
   298.000000000000       1.193824613117555E-004  0.000000000000000E+000
   299.000000000000       1.189831888658968E-004  0.000000000000000E+000
   300.000000000000       1.185865782363438E-004  0.000000000000000E+000
   301.000000000000       1.181926028933659E-004  0.000000000000000E+000
   302.000000000000       1.178012366586197E-004  0.000000000000000E+000
   303.000000000000       1.174124536993503E-004  0.000000000000000E+000
   304.000000000000       1.170262285227077E-004  0.000000000000000E+000
   305.000000000000       1.166425359701742E-004  0.000000000000000E+000
   306.000000000000       1.162613512121018E-004  0.000000000000000E+000
   307.000000000000       1.158826497423555E-004  0.000000000000000E+000
   308.000000000000       1.155064073730622E-004  0.000000000000000E+000
   309.000000000000       1.151326002294600E-004  0.000000000000000E+000
   310.000000000000       1.147612047448489E-004  0.000000000000000E+000
